176 177 209
 177 209 210
 177 178 210
 178 210 211
 178 179 211
 179 211 212
 179 180 212
 180 212 213
 180 181 213
 181 213 214
 181 182 214
 182 214 215
 182 183 215
 183 215 216
 183 184 216
 184 216 217
 184 185 217
 185 217 218
 185 186 218
 186 218 219
 186 187 219
 187 219 220
 206 207 239
 207 239 240
 207 208 240
 208 240 241
 208 209 241
 209 241 242
 209 210 242
 210 242 243
 210 211 243
 211 243 244
 211 212 244
 212 244 245
 212 213 245
 213 245 246
 213 214 246
 214 246 247
 214 215 247
 215 247 248
 215 216 248
 216 248 249
 216 217 249
 217 249 250
 217 218 250
 218 250 251
 218 219 251
 219 251 252
 219 220 252
 220 252 253
 220 221 253
 221 253 254
 221 222 254
 222 254 255
 222 223 255
 223 255 256
 223 224 256
 224 256 257
 236 237 269
 237 269 270
 237 238 270
 238 270 271
 238 239 271
 239 271 272
 239 240 272
 240 272 273
 240 241 273
 241 273 274
 241 242 274
 242 274 275
 242 243 275
 243 275 276
 243 244 276
 244 276 277
 244 245 277
 245 277 278
 245 246 278
 246 278 279
 246 247 279
 247 279 280
 247 248 280
 248 280 281
 248 249 281
 249 281 282
 249 250 282
 250 282 283
 250 251 283
 251 283 284
 251 252 284
 252 284 285
 252 253 285
 253 285 286
 253 254 286
 254 286 287
 254 255 287
 255 287 288
 255 256 288
 256 288 289
 256 257 289
 257 289 290
 257 258 290
 258 290 291
 258 259 291
 259 291 292
 259 260 292
 260 292 293
 267 268 300
 268 300 301
 268 269 301
 269 301 302
 269 270 302
 270 302 303
 270 271 303
 271 303 304
 271 272 304
 272 304 305
 272 273 305
 273 305 306
 273 274 306
 274 306 307
 274 275 307
 275 307 308
 275 276 308
 276 308 309
 276 277 309
 277 309 310
 277 278 310
 278 310 311
 278 279 311
 279 311 312
 279 280 312
 280 312 313
 280 281 313
 281 313 314
 281 282 314
 282 314 315
 282 283 315
 283 315 316
 283 284 316
 284 316 317
 284 285 317
 285 317 318
 285 286 318
 286 318 319
 286 287 319
 287 319 320
 287 288 320
 288 320 321
 288 289 321
 289 321 322
 289 290 322
 290 322 323
 290 291 323
 291 323 324
 291 292 324
 292 324 325
 292 293 325
 293 325 326
 293 294 326
 294 326 327
 299 300 332
 300 332 333
 300 301 333
 301 333 334
 301 302 334
 302 334 335
 302 303 335
 303 335 336
 303 304 336
 304 336 337
 304 305 337
 305 337 338
 305 306 338
 306 338 339
 306 307 339
 307 339 340
 307 308 340
 308 340 341
 308 309 341
 309 341 342
 309 310 342
 310 342 343
 310 311 343
 311 343 344
 311 312 344
 312 344 345
 312 313 345
 313 345 346
 313 314 346
 314 346 347
 314 315 347
 315 347 348
 315 316 348
 316 348 349
 316 317 349
 317 349 350
 317 318 350
 318 350 351
 318 319 351
 319 351 352
 319 320 352
 320 352 353
 320 321 353
 321 353 354
 321 322 354
 322 354 355
 322 323 355
 323 355 356
 323 324 356
 324 356 357
 324 325 357
 325 357 358
 325 326 358
 326 358 359
 326 327 359
 327 359 360
 327 328 360
 328 360 361
 328 329 361
 329 361 362
 332 333 365
 333 365 366
 333 334 366
 334 366 367
 334 335 367
 335 367 368
 335 336 368
 336 368 369
 336 337 369
 337 369 370
 337 338 370
 338 370 371
 338 339 371
 339 371 372
 339 340 372
 340 372 373
 340 341 373
 341 373 374
 341 342 374
 342 374 375
 342 343 375
 343 375 376
 343 344 376
 344 376 377
 344 345 377
 345 377 378
 345 346 378
 346 378 379
 346 347 379
 347 379 380
 347 348 380
 348 380 381
 348 349 381
 349 381 382
 349 350 382
 350 382 383
 350 351 383
 351 383 384
 351 352 384
 352 384 385
 352 353 385
 353 385 386
 353 354 386
 354 386 387
 354 355 387
 355 387 388
 355 356 388
 356 388 389
 356 357 389
 357 389 390
 357 358 390
 358 390 391
 358 359 391
 359 391 392
 359 360 392
 360 392 393
 360 361 393
 361 393 394
 361 362 394
 362 394 395
 364 365 397
 365 397 398
 365 366 398
 366 398 399
 366 367 399
 367 399 400
 367 368 400
 368 400 401
 368 369 401
 369 401 402
 369 370 402
 370 402 403
 370 371 403
 371 403 404
 371 372 404
 372 404 405
 372 373 405
 373 405 406
 373 374 406
 374 406 407
 374 375 407
 375 407 408
 375 376 408
 376 408 409
 376 377 409
 377 409 410
 377 378 410
 378 410 411
 378 379 411
 379 411 412
 379 380 412
 380 412 413
 380 381 413
 381 413 414
 381 382 414
 382 414 415
 382 383 415
 383 415 416
 383 384 416
 384 416 417
 384 385 417
 385 417 418
 385 386 418
 386 418 419
 386 387 419
 387 419 420
 387 388 420
 388 420 421
 388 389 421
 389 421 422
 389 390 422
 390 422 423
 390 391 423
 391 423 424
 391 392 424
 392 424 425
 392 393 425
 393 425 426
 393 394 426
 394 426 427
 394 395 427
 395 427 428
 397 398 430
 398 430 431
 398 399 431
 399 431 432
 399 400 432
 400 432 433
 400 401 433
 401 433 434
 401 402 434
 402 434 435
 402 403 435
 403 435 436
 403 404 436
 404 436 437
 404 405 437
 405 437 438
 405 406 438
 406 438 439
 406 407 439
 407 439 440
 407 408 440
 408 440 441
 408 409 441
 409 441 442
 409 410 442
 410 442 443
 410 411 443
 411 443 444
 411 412 444
 412 444 445
 412 413 445
 413 445 446
 413 414 446
 414 446 447
 414 415 447
 415 447 448
 415 416 448
 416 448 449
 416 417 449
 417 449 450
 417 418 450
 418 450 451
 418 419 451
 419 451 452
 419 420 452
 420 452 453
 420 421 453
 421 453 454
 421 422 454
 422 454 455
 422 423 455
 423 455 456
 423 424 456
 424 456 457
 424 425 457
 425 457 458
 425 426 458
 426 458 459
 426 427 459
 427 459 460
 427 428 460
 428 460 461
 428 429 461
 429 461 462
 430 431 463
 431 463 464
 431 432 464
 432 464 465
 432 433 465
 433 465 466
 433 434 466
 434 466 467
 434 435 467
 435 467 468
 435 436 468
 436 468 469
 436 437 469
 437 469 470
 437 438 470
 438 470 471
 438 439 471
 439 471 472
 439 440 472
 440 472 473
 440 441 473
 441 473 474
 441 442 474
 442 474 475
 442 443 475
 443 475 476
 443 444 476
 444 476 477
 444 445 477
 445 477 478
 445 446 478
 446 478 479
 446 447 479
 447 479 480
 447 448 480
 448 480 481
 448 449 481
 449 481 482
 449 450 482
 450 482 483
 450 451 483
 451 483 484
 451 452 484
 452 484 485
 452 453 485
 453 485 486
 453 454 486
 454 486 487
 454 455 487
 455 487 488
 455 456 488
 456 488 489
 456 457 489
 457 489 490
 457 458 490
 458 490 491
 458 459 491
 459 491 492
 459 460 492
 460 492 493
 460 461 493
 461 493 494
 461 462 494
 462 494 495
 463 464 496
 464 496 497
 464 465 497
 465 497 498
 465 466 498
 466 498 499
 466 467 499
 467 499 500
 467 468 500
 468 500 501
 468 469 501
 469 501 502
 469 470 502
 470 502 503
 470 471 503
 471 503 504
 471 472 504
 472 504 505
 472 473 505
 473 505 506
 473 474 506
 474 506 507
 474 475 507
 475 507 508
 475 476 508
 476 508 509
 476 477 509
 477 509 510
 477 478 510
 478 510 511
 478 479 511
 479 511 512
 479 480 512
 480 512 513
 480 481 513
 481 513 514
 481 482 514
 482 514 515
 482 483 515
 483 515 516
 483 484 516
 484 516 517
 484 485 517
 485 517 518
 485 486 518
 486 518 519
 486 487 519
 487 519 520
 487 488 520
 488 520 521
 488 489 521
 489 521 522
 489 490 522
 490 522 523
 490 491 523
 491 523 524
 491 492 524
 492 524 525
 492 493 525
 493 525 526
 493 494 526
 494 526 527
 494 495 527
 495 527 528
 496 497 529
 497 529 530
 497 498 530
 498 530 531
 498 499 531
 499 531 532
 499 500 532
 500 532 533
 500 501 533
 501 533 534
 501 502 534
 502 534 535
 502 503 535
 503 535 536
 503 504 536
 504 536 537
 504 505 537
 505 537 538
 505 506 538
 506 538 539
 506 507 539
 507 539 540
 507 508 540
 508 540 541
 508 509 541
 509 541 542
 509 510 542
 510 542 543
 510 511 543
 511 543 544
 511 512 544
 512 544 545
 512 513 545
 513 545 546
 513 514 546
 514 546 547
 514 515 547
 515 547 548
 515 516 548
 516 548 549
 516 517 549
 517 549 550
 517 518 550
 518 550 551
 518 519 551
 519 551 552
 519 520 552
 520 552 553
 520 521 553
 521 553 554
 521 522 554
 522 554 555
 522 523 555
 523 555 556
 523 524 556
 524 556 557
 524 525 557
 525 557 558
 525 526 558
 526 558 559
 526 527 559
 527 559 560
 527 528 560
 528 560 561
 529 530 562
 530 562 563
 530 531 563
 531 563 564
 531 532 564
 532 564 565
 532 533 565
 533 565 566
 533 534 566
 534 566 567
 534 535 567
 535 567 568
 535 536 568
 536 568 569
 536 537 569
 537 569 570
 537 538 570
 538 570 571
 538 539 571
 539 571 572
 539 540 572
 540 572 573
 540 541 573
 541 573 574
 541 542 574
 542 574 575
 542 543 575
 543 575 576
 543 544 576
 544 576 577
 544 545 577
 545 577 578
 545 546 578
 546 578 579
 546 547 579
 547 579 580
 547 548 580
 548 580 581
 548 549 581
 549 581 582
 549 550 582
 550 582 583
 550 551 583
 551 583 584
 551 552 584
 552 584 585
 552 553 585
 553 585 586
 553 554 586
 554 586 587
 554 555 587
 555 587 588
 555 556 588
 556 588 589
 556 557 589
 557 589 590
 557 558 590
 558 590 591
 558 559 591
 559 591 592
 559 560 592
 560 592 593
 560 561 593
 561 593 594
 563 564 596
 564 596 597
 564 565 597
 565 597 598
 565 566 598
 566 598 599
 566 567 599
 567 599 600
 567 568 600
 568 600 601
 568 569 601
 569 601 602
 569 570 602
 570 602 603
 570 571 603
 571 603 604
 571 572 604
 572 604 605
 572 573 605
 573 605 606
 573 574 606
 574 606 607
 574 575 607
 575 607 608
 575 576 608
 576 608 609
 576 577 609
 577 609 610
 577 578 610
 578 610 611
 578 579 611
 579 611 612
 579 580 612
 580 612 613
 580 581 613
 581 613 614
 581 582 614
 582 614 615
 582 583 615
 583 615 616
 583 584 616
 584 616 617
 584 585 617
 585 617 618
 585 586 618
 586 618 619
 586 587 619
 587 619 620
 587 588 620
 588 620 621
 588 589 621
 589 621 622
 589 590 622
 590 622 623
 590 591 623
 591 623 624
 591 592 624
 592 624 625
 592 593 625
 593 625 626
 593 594 626
 594 626 627
 596 597 629
 597 629 630
 597 598 630
 598 630 631
 598 599 631
 599 631 632
 599 600 632
 600 632 633
 600 601 633
 601 633 634
 601 602 634
 602 634 635
 602 603 635
 603 635 636
 603 604 636
 604 636 637
 604 605 637
 605 637 638
 605 606 638
 606 638 639
 606 607 639
 607 639 640
 607 608 640
 608 640 641
 608 609 641
 609 641 642
 609 610 642
 610 642 643
 610 611 643
 611 643 644
 611 612 644
 612 644 645
 612 613 645
 613 645 646
 613 614 646
 614 646 647
 614 615 647
 615 647 648
 615 616 648
 616 648 649
 616 617 649
 617 649 650
 617 618 650
 618 650 651
 618 619 651
 619 651 652
 619 620 652
 620 652 653
 620 621 653
 621 653 654
 621 622 654
 622 654 655
 622 623 655
 623 655 656
 623 624 656
 624 656 657
 624 625 657
 625 657 658
 625 626 658
 626 658 659
 629 630 662
 630 662 663
 630 631 663
 631 663 664
 631 632 664
 632 664 665
 632 633 665
 633 665 666
 633 634 666
 634 666 667
 634 635 667
 635 667 668
 635 636 668
 636 668 669
 636 637 669
 637 669 670
 637 638 670
 638 670 671
 638 639 671
 639 671 672
 639 640 672
 640 672 673
 640 641 673
 641 673 674
 641 642 674
 642 674 675
 642 643 675
 643 675 676
 643 644 676
 644 676 677
 644 645 677
 645 677 678
 645 646 678
 646 678 679
 646 647 679
 647 679 680
 647 648 680
 648 680 681
 648 649 681
 649 681 682
 649 650 682
 650 682 683
 650 651 683
 651 683 684
 651 652 684
 652 684 685
 652 653 685
 653 685 686
 653 654 686
 654 686 687
 654 655 687
 655 687 688
 655 656 688
 656 688 689
 656 657 689
 657 689 690
 657 658 690
 658 690 691
 658 659 691
 659 691 692
 663 664 696
 664 696 697
 664 665 697
 665 697 698
 665 666 698
 666 698 699
 666 667 699
 667 699 700
 667 668 700
 668 700 701
 668 669 701
 669 701 702
 669 670 702
 670 702 703
 670 671 703
 671 703 704
 671 672 704
 672 704 705
 672 673 705
 673 705 706
 673 674 706
 674 706 707
 674 675 707
 675 707 708
 675 676 708
 676 708 709
 676 677 709
 677 709 710
 677 678 710
 678 710 711
 678 679 711
 679 711 712
 679 680 712
 680 712 713
 680 681 713
 681 713 714
 681 682 714
 682 714 715
 682 683 715
 683 715 716
 683 684 716
 684 716 717
 684 685 717
 685 717 718
 685 686 718
 686 718 719
 686 687 719
 687 719 720
 687 688 720
 688 720 721
 688 689 721
 689 721 722
 689 690 722
 690 722 723
 690 691 723
 691 723 724
 691 692 724
 692 724 725
 696 697 729
 697 729 730
 697 698 730
 698 730 731
 698 699 731
 699 731 732
 699 700 732
 700 732 733
 700 701 733
 701 733 734
 701 702 734
 702 734 735
 702 703 735
 703 735 736
 703 704 736
 704 736 737
 704 705 737
 705 737 738
 705 706 738
 706 738 739
 706 707 739
 707 739 740
 707 708 740
 708 740 741
 708 709 741
 709 741 742
 709 710 742
 710 742 743
 710 711 743
 711 743 744
 711 712 744
 712 744 745
 712 713 745
 713 745 746
 713 714 746
 714 746 747
 714 715 747
 715 747 748
 715 716 748
 716 748 749
 716 717 749
 717 749 750
 717 718 750
 718 750 751
 718 719 751
 719 751 752
 719 720 752
 720 752 753
 720 721 753
 721 753 754
 721 722 754
 722 754 755
 722 723 755
 723 755 756
 723 724 756
 724 756 757
 730 731 763
 731 763 764
 731 732 764
 732 764 765
 732 733 765
 733 765 766
 733 734 766
 734 766 767
 734 735 767
 735 767 768
 735 736 768
 736 768 769
 736 737 769
 737 769 770
 737 738 770
 738 770 771
 738 739 771
 739 771 772
 739 740 772
 740 772 773
 740 741 773
 741 773 774
 741 742 774
 742 774 775
 742 743 775
 743 775 776
 743 744 776
 744 776 777
 744 745 777
 745 777 778
 745 746 778
 746 778 779
 746 747 779
 747 779 780
 747 748 780
 748 780 781
 748 749 781
 749 781 782
 749 750 782
 750 782 783
 750 751 783
 751 783 784
 751 752 784
 752 784 785
 752 753 785
 753 785 786
 753 754 786
 754 786 787
 754 755 787
 755 787 788
 755 756 788
 756 788 789
 764 765 797
 765 797 798
 765 766 798
 766 798 799
 766 767 799
 767 799 800
 767 768 800
 768 800 801
 768 769 801
 769 801 802
 769 770 802
 770 802 803
 770 771 803
 771 803 804
 771 772 804
 772 804 805
 772 773 805
 773 805 806
 773 774 806
 774 806 807
 774 775 807
 775 807 808
 775 776 808
 776 808 809
 776 777 809
 777 809 810
 777 778 810
 778 810 811
 778 779 811
 779 811 812
 779 780 812
 780 812 813
 780 781 813
 781 813 814
 781 782 814
 782 814 815
 782 783 815
 783 815 816
 783 784 816
 784 816 817
 784 785 817
 785 817 818
 785 786 818
 786 818 819
 786 787 819
 787 819 820
 787 788 820
 788 820 821
 788 789 821
 789 821 822
 798 799 831
 799 831 832
 799 800 832
 800 832 833
 800 801 833
 801 833 834
 801 802 834
 802 834 835
 802 803 835
 803 835 836
 803 804 836
 804 836 837
 804 805 837
 805 837 838
 805 806 838
 806 838 839
 806 807 839
 807 839 840
 807 808 840
 808 840 841
 808 809 841
 809 841 842
 809 810 842
 810 842 843
 810 811 843
 811 843 844
 811 812 844
 812 844 845
 812 813 845
 813 845 846
 813 814 846
 814 846 847
 814 815 847
 815 847 848
 815 816 848
 816 848 849
 816 817 849
 817 849 850
 817 818 850
 818 850 851
 818 819 851
 819 851 852
 819 820 852
 820 852 853
 820 821 853
 821 853 854
 832 833 865
 833 865 866
 833 834 866
 834 866 867
 834 835 867
 835 867 868
 835 836 868
 836 868 869
 836 837 869
 837 869 870
 837 838 870
 838 870 871
 838 839 871
 839 871 872
 839 840 872
 840 872 873
 840 841 873
 841 873 874
 841 842 874
 842 874 875
 842 843 875
 843 875 876
 843 844 876
 844 876 877
 844 845 877
 845 877 878
 845 846 878
 846 878 879
 846 847 879
 847 879 880
 847 848 880
 848 880 881
 848 849 881
 849 881 882
 849 850 882
 850 882 883
 176 177 209
 177 209 210
 177 178 210
 178 210 211
 178 179 211
 179 211 212
 179 180 212
 180 212 213
 180 181 213
 181 213 214
 181 182 214
 182 214 215
 182 183 215
 183 215 216
 183 184 216
 184 216 217
 184 185 217
 185 217 218
 185 186 218
 186 218 219
 186 187 219
 187 219 220
 206 207 239
 207 239 240
 207 208 240
 208 240 241
 208 209 241
 209 241 242
 209 210 242
 210 242 243
 210 211 243
 211 243 244
 211 212 244
 212 244 245
 212 213 245
 213 245 246
 213 214 246
 214 246 247
 214 215 247
 215 247 248
 215 216 248
 216 248 249
 216 217 249
 217 249 250
 217 218 250
 218 250 251
 218 219 251
 219 251 252
 219 220 252
 220 252 253
 220 221 253
 221 253 254
 221 222 254
 222 254 255
 222 223 255
 223 255 256
 223 224 256
 224 256 257
 236 237 269
 237 269 270
 237 238 270
 238 270 271
 238 239 271
 239 271 272
 239 240 272
 240 272 273
 240 241 273
 241 273 274
 241 242 274
 242 274 275
 242 243 275
 243 275 276
 243 244 276
 244 276 277
 244 245 277
 245 277 278
 245 246 278
 246 278 279
 246 247 279
 247 279 280
 247 248 280
 248 280 281
 248 249 281
 249 281 282
 249 250 282
 250 282 283
 250 251 283
 251 283 284
 251 252 284
 252 284 285
 252 253 285
 253 285 286
 253 254 286
 254 286 287
 254 255 287
 255 287 288
 255 256 288
 256 288 289
 256 257 289
 257 289 290
 257 258 290
 258 290 291
 258 259 291
 259 291 292
 259 260 292
 260 292 293
 267 268 300
 268 300 301
 268 269 301
 269 301 302
 269 270 302
 270 302 303
 270 271 303
 271 303 304
 271 272 304
 272 304 305
 272 273 305
 273 305 306
 273 274 306
 274 306 307
 274 275 307
 275 307 308
 275 276 308
 276 308 309
 276 277 309
 277 309 310
 277 278 310
 278 310 311
 278 279 311
 279 311 312
 279 280 312
 280 312 313
 280 281 313
 281 313 314
 281 282 314
 282 314 315
 282 283 315
 283 315 316
 283 284 316
 284 316 317
 284 285 317
 285 317 318
 285 286 318
 286 318 319
 286 287 319
 287 319 320
 287 288 320
 288 320 321
 288 289 321
 289 321 322
 289 290 322
 290 322 323
 290 291 323
 291 323 324
 291 292 324
 292 324 325
 292 293 325
 293 325 326
 293 294 326
 294 326 327
 299 300 332
 300 332 333
 300 301 333
 301 333 334
 301 302 334
 302 334 335
 302 303 335
 303 335 336
 303 304 336
 304 336 337
 304 305 337
 305 337 338
 305 306 338
 306 338 339
 306 307 339
 307 339 340
 307 308 340
 308 340 341
 308 309 341
 309 341 342
 309 310 342
 310 342 343
 310 311 343
 311 343 344
 311 312 344
 312 344 345
 312 313 345
 313 345 346
 313 314 346
 314 346 347
 314 315 347
 315 347 348
 315 316 348
 316 348 349
 316 317 349
 317 349 350
 317 318 350
 318 350 351
 318 319 351
 319 351 352
 319 320 352
 320 352 353
 320 321 353
 321 353 354
 321 322 354
 322 354 355
 322 323 355
 323 355 356
 323 324 356
 324 356 357
 324 325 357
 325 357 358
 325 326 358
 326 358 359
 326 327 359
 327 359 360
 327 328 360
 328 360 361
 328 329 361
 329 361 362
 332 333 365
 333 365 366
 333 334 366
 334 366 367
 334 335 367
 335 367 368
 335 336 368
 336 368 369
 336 337 369
 337 369 370
 337 338 370
 338 370 371
 338 339 371
 339 371 372
 339 340 372
 340 372 373
 340 341 373
 341 373 374
 341 342 374
 342 374 375
 342 343 375
 343 375 376
 343 344 376
 344 376 377
 344 345 377
 345 377 378
 345 346 378
 346 378 379
 346 347 379
 347 379 380
 347 348 380
 348 380 381
 348 349 381
 349 381 382
 349 350 382
 350 382 383
 350 351 383
 351 383 384
 351 352 384
 352 384 385
 352 353 385
 353 385 386
 353 354 386
 354 386 387
 354 355 387
 355 387 388
 355 356 388
 356 388 389
 356 357 389
 357 389 390
 357 358 390
 358 390 391
 358 359 391
 359 391 392
 359 360 392
 360 392 393
 360 361 393
 361 393 394
 361 362 394
 362 394 395
 364 365 397
 365 397 398
 365 366 398
 366 398 399
 366 367 399
 367 399 400
 367 368 400
 368 400 401
 368 369 401
 369 401 402
 369 370 402
 370 402 403
 370 371 403
 371 403 404
 371 372 404
 372 404 405
 372 373 405
 373 405 406
 373 374 406
 374 406 407
 374 375 407
 375 407 408
 375 376 408
 376 408 409
 376 377 409
 377 409 410
 377 378 410
 378 410 411
 378 379 411
 379 411 412
 379 380 412
 380 412 413
 380 381 413
 381 413 414
 381 382 414
 382 414 415
 382 383 415
 383 415 416
 383 384 416
 384 416 417
 384 385 417
 385 417 418
 385 386 418
 386 418 419
 386 387 419
 387 419 420
 387 388 420
 388 420 421
 388 389 421
 389 421 422
 389 390 422
 390 422 423
 390 391 423
 391 423 424
 391 392 424
 392 424 425
 392 393 425
 393 425 426
 393 394 426
 394 426 427
 394 395 427
 395 427 428
 397 398 430
 398 430 431
 398 399 431
 399 431 432
 399 400 432
 400 432 433
 400 401 433
 401 433 434
 401 402 434
 402 434 435
 402 403 435
 403 435 436
 403 404 436
 404 436 437
 404 405 437
 405 437 438
 405 406 438
 406 438 439
 406 407 439
 407 439 440
 407 408 440
 408 440 441
 408 409 441
 409 441 442
 409 410 442
 410 442 443
 410 411 443
 411 443 444
 411 412 444
 412 444 445
 412 413 445
 413 445 446
 413 414 446
 414 446 447
 414 415 447
 415 447 448
 415 416 448
 416 448 449
 416 417 449
 417 449 450
 417 418 450
 418 450 451
 418 419 451
 419 451 452
 419 420 452
 420 452 453
 420 421 453
 421 453 454
 421 422 454
 422 454 455
 422 423 455
 423 455 456
 423 424 456
 424 456 457
 424 425 457
 425 457 458
 425 426 458
 426 458 459
 426 427 459
 427 459 460
 427 428 460
 428 460 461
 428 429 461
 429 461 462
 430 431 463
 431 463 464
 431 432 464
 432 464 465
 432 433 465
 433 465 466
 433 434 466
 434 466 467
 434 435 467
 435 467 468
 435 436 468
 436 468 469
 436 437 469
 437 469 470
 437 438 470
 438 470 471
 438 439 471
 439 471 472
 439 440 472
 440 472 473
 440 441 473
 441 473 474
 441 442 474
 442 474 475
 442 443 475
 443 475 476
 443 444 476
 444 476 477
 444 445 477
 445 477 478
 445 446 478
 446 478 479
 446 447 479
 447 479 480
 447 448 480
 448 480 481
 448 449 481
 449 481 482
 449 450 482
 450 482 483
 450 451 483
 451 483 484
 451 452 484
 452 484 485
 452 453 485
 453 485 486
 453 454 486
 454 486 487
 454 455 487
 455 487 488
 455 456 488
 456 488 489
 456 457 489
 457 489 490
 457 458 490
 458 490 491
 458 459 491
 459 491 492
 459 460 492
 460 492 493
 460 461 493
 461 493 494
 461 462 494
 462 494 495
 463 464 496
 464 496 497
 464 465 497
 465 497 498
 465 466 498
 466 498 499
 466 467 499
 467 499 500
 467 468 500
 468 500 501
 468 469 501
 469 501 502
 469 470 502
 470 502 503
 470 471 503
 471 503 504
 471 472 504
 472 504 505
 472 473 505
 473 505 506
 473 474 506
 474 506 507
 474 475 507
 475 507 508
 475 476 508
 476 508 509
 476 477 509
 477 509 510
 477 478 510
 478 510 511
 478 479 511
 479 511 512
 479 480 512
 480 512 513
 480 481 513
 481 513 514
 481 482 514
 482 514 515
 482 483 515
 483 515 516
 483 484 516
 484 516 517
 484 485 517
 485 517 518
 485 486 518
 486 518 519
 486 487 519
 487 519 520
 487 488 520
 488 520 521
 488 489 521
 489 521 522
 489 490 522
 490 522 523
 490 491 523
 491 523 524
 491 492 524
 492 524 525
 492 493 525
 493 525 526
 493 494 526
 494 526 527
 494 495 527
 495 527 528
 496 497 529
 497 529 530
 497 498 530
 498 530 531
 498 499 531
 499 531 532
 499 500 532
 500 532 533
 500 501 533
 501 533 534
 501 502 534
 502 534 535
 502 503 535
 503 535 536
 503 504 536
 504 536 537
 504 505 537
 505 537 538
 505 506 538
 506 538 539
 506 507 539
 507 539 540
 507 508 540
 508 540 541
 508 509 541
 509 541 542
 509 510 542
 510 542 543
 510 511 543
 511 543 544
 511 512 544
 512 544 545
 512 513 545
 513 545 546
 513 514 546
 514 546 547
 514 515 547
 515 547 548
 515 516 548
 516 548 549
 516 517 549
 517 549 550
 517 518 550
 518 550 551
 518 519 551
 519 551 552
 519 520 552
 520 552 553
 520 521 553
 521 553 554
 521 522 554
 522 554 555
 522 523 555
 523 555 556
 523 524 556
 524 556 557
 524 525 557
 525 557 558
 525 526 558
 526 558 559
 526 527 559
 527 559 560
 527 528 560
 528 560 561
 529 530 562
 530 562 563
 530 531 563
 531 563 564
 531 532 564
 532 564 565
 532 533 565
 533 565 566
 533 534 566
 534 566 567
 534 535 567
 535 567 568
 535 536 568
 536 568 569
 536 537 569
 537 569 570
 537 538 570
 538 570 571
 538 539 571
 539 571 572
 539 540 572
 540 572 573
 540 541 573
 541 573 574
 541 542 574
 542 574 575
 542 543 575
 543 575 576
 543 544 576
 544 576 577
 544 545 577
 545 577 578
 545 546 578
 546 578 579
 546 547 579
 547 579 580
 547 548 580
 548 580 581
 548 549 581
 549 581 582
 549 550 582
 550 582 583
 550 551 583
 551 583 584
 551 552 584
 552 584 585
 552 553 585
 553 585 586
 553 554 586
 554 586 587
 554 555 587
 555 587 588
 555 556 588
 556 588 589
 556 557 589
 557 589 590
 557 558 590
 558 590 591
 558 559 591
 559 591 592
 559 560 592
 560 592 593
 560 561 593
 561 593 594
 563 564 596
 564 596 597
 564 565 597
 565 597 598
 565 566 598
 566 598 599
 566 567 599
 567 599 600
 567 568 600
 568 600 601
 568 569 601
 569 601 602
 569 570 602
 570 602 603
 570 571 603
 571 603 604
 571 572 604
 572 604 605
 572 573 605
 573 605 606
 573 574 606
 574 606 607
 574 575 607
 575 607 608
 575 576 608
 576 608 609
 576 577 609
 577 609 610
 577 578 610
 578 610 611
 578 579 611
 579 611 612
 579 580 612
 580 612 613
 580 581 613
 581 613 614
 581 582 614
 582 614 615
 582 583 615
 583 615 616
 583 584 616
 584 616 617
 584 585 617
 585 617 618
 585 586 618
 586 618 619
 586 587 619
 587 619 620
 587 588 620
 588 620 621
 588 589 621
 589 621 622
 589 590 622
 590 622 623
 590 591 623
 591 623 624
 591 592 624
 592 624 625
 592 593 625
 593 625 626
 593 594 626
 594 626 627
 596 597 629
 597 629 630
 597 598 630
 598 630 631
 598 599 631
 599 631 632
 599 600 632
 600 632 633
 600 601 633
 601 633 634
 601 602 634
 602 634 635
 602 603 635
 603 635 636
 603 604 636
 604 636 637
 604 605 637
 605 637 638
 605 606 638
 606 638 639
 606 607 639
 607 639 640
 607 608 640
 608 640 641
 608 609 641
 609 641 642
 609 610 642
 610 642 643
 610 611 643
 611 643 644
 611 612 644
 612 644 645
 612 613 645
 613 645 646
 613 614 646
 614 646 647
 614 615 647
 615 647 648
 615 616 648
 616 648 649
 616 617 649
 617 649 650
 617 618 650
 618 650 651
 618 619 651
 619 651 652
 619 620 652
 620 652 653
 620 621 653
 621 653 654
 621 622 654
 622 654 655
 622 623 655
 623 655 656
 623 624 656
 624 656 657
 624 625 657
 625 657 658
 625 626 658
 626 658 659
 629 630 662
 630 662 663
 630 631 663
 631 663 664
 631 632 664
 632 664 665
 632 633 665
 633 665 666
 633 634 666
 634 666 667
 634 635 667
 635 667 668
 635 636 668
 636 668 669
 636 637 669
 637 669 670
 637 638 670
 638 670 671
 638 639 671
 639 671 672
 639 640 672
 640 672 673
 640 641 673
 641 673 674
 641 642 674
 642 674 675
 642 643 675
 643 675 676
 643 644 676
 644 676 677
 644 645 677
 645 677 678
 645 646 678
 646 678 679
 646 647 679
 647 679 680
 647 648 680
 648 680 681
 648 649 681
 649 681 682
 649 650 682
 650 682 683
 650 651 683
 651 683 684
 651 652 684
 652 684 685
 652 653 685
 653 685 686
 653 654 686
 654 686 687
 654 655 687
 655 687 688
 655 656 688
 656 688 689
 656 657 689
 657 689 690
 657 658 690
 658 690 691
 658 659 691
 659 691 692
 663 664 696
 664 696 697
 664 665 697
 665 697 698
 665 666 698
 666 698 699
 666 667 699
 667 699 700
 667 668 700
 668 700 701
 668 669 701
 669 701 702
 669 670 702
 670 702 703
 670 671 703
 671 703 704
 671 672 704
 672 704 705
 672 673 705
 673 705 706
 673 674 706
 674 706 707
 674 675 707
 675 707 708
 675 676 708
 676 708 709
 676 677 709
 677 709 710
 677 678 710
 678 710 711
 678 679 711
 679 711 712
 679 680 712
 680 712 713
 680 681 713
 681 713 714
 681 682 714
 682 714 715
 682 683 715
 683 715 716
 683 684 716
 684 716 717
 684 685 717
 685 717 718
 685 686 718
 686 718 719
 686 687 719
 687 719 720
 687 688 720
 688 720 721
 688 689 721
 689 721 722
 689 690 722
 690 722 723
 690 691 723
 691 723 724
 691 692 724
 692 724 725
 696 697 729
 697 729 730
 697 698 730
 698 730 731
 698 699 731
 699 731 732
 699 700 732
 700 732 733
 700 701 733
 701 733 734
 701 702 734
 702 734 735
 702 703 735
 703 735 736
 703 704 736
 704 736 737
 704 705 737
 705 737 738
 705 706 738
 706 738 739
 706 707 739
 707 739 740
 707 708 740
 708 740 741
 708 709 741
 709 741 742
 709 710 742
 710 742 743
 710 711 743
 711 743 744
 711 712 744
 712 744 745
 712 713 745
 713 745 746
 713 714 746
 714 746 747
 714 715 747
 715 747 748
 715 716 748
 716 748 749
 716 717 749
 717 749 750
 717 718 750
 718 750 751
 718 719 751
 719 751 752
 719 720 752
 720 752 753
 720 721 753
 721 753 754
 721 722 754
 722 754 755
 722 723 755
 723 755 756
 723 724 756
 724 756 757
 730 731 763
 731 763 764
 731 732 764
 732 764 765
 732 733 765
 733 765 766
 733 734 766
 734 766 767
 734 735 767
 735 767 768
 735 736 768
 736 768 769
 736 737 769
 737 769 770
 737 738 770
 738 770 771
 738 739 771
 739 771 772
 739 740 772
 740 772 773
 740 741 773
 741 773 774
 741 742 774
 742 774 775
 742 743 775
 743 775 776
 743 744 776
 744 776 777
 744 745 777
 745 777 778
 745 746 778
 746 778 779
 746 747 779
 747 779 780
 747 748 780
 748 780 781
 748 749 781
 749 781 782
 749 750 782
 750 782 783
 750 751 783
 751 783 784
 751 752 784
 752 784 785
 752 753 785
 753 785 786
 753 754 786
 754 786 787
 754 755 787
 755 787 788
 755 756 788
 756 788 789
 764 765 797
 765 797 798
 765 766 798
 766 798 799
 766 767 799
 767 799 800
 767 768 800
 768 800 801
 768 769 801
 769 801 802
 769 770 802
 770 802 803
 770 771 803
 771 803 804
 771 772 804
 772 804 805
 772 773 805
 773 805 806
 773 774 806
 774 806 807
 774 775 807
 775 807 808
 775 776 808
 776 808 809
 776 777 809
 777 809 810
 777 778 810
 778 810 811
 778 779 811
 779 811 812
 779 780 812
 780 812 813
 780 781 813
 781 813 814
 781 782 814
 782 814 815
 782 783 815
 783 815 816
 783 784 816
 784 816 817
 784 785 817
 785 817 818
 785 786 818
 786 818 819
 786 787 819
 787 819 820
 787 788 820
 788 820 821
 788 789 821
 789 821 822
 798 799 831
 799 831 832
 799 800 832
 800 832 833
 800 801 833
 801 833 834
 801 802 834
 802 834 835
 802 803 835
 803 835 836
 803 804 836
 804 836 837
 804 805 837
 805 837 838
 805 806 838
 806 838 839
 806 807 839
 807 839 840
 807 808 840
 808 840 841
 808 809 841
 809 841 842
 809 810 842
 810 842 843
 810 811 843
 811 843 844
 811 812 844
 812 844 845
 812 813 845
 813 845 846
 813 814 846
 814 846 847
 814 815 847
 815 847 848
 815 816 848
 816 848 849
 816 817 849
 817 849 850
 817 818 850
 818 850 851
 818 819 851
 819 851 852
 819 820 852
 820 852 853
 820 821 853
 821 853 854
 832 833 865
 833 865 866
 833 834 866
 834 866 867
 834 835 867
 835 867 868
 835 836 868
 836 868 869
 836 837 869
 837 869 870
 837 838 870
 838 870 871
 838 839 871
 839 871 872
 839 840 872
 840 872 873
 840 841 873
 841 873 874
 841 842 874
 842 874 875
 842 843 875
 843 875 876
 843 844 876
 844 876 877
 844 845 877
 845 877 878
 845 846 878
 846 878 879
 846 847 879
 847 879 880
 847 848 880
 848 880 881
 848 849 881
 849 881 882
 849 850 882
 850 882 883
 850 851 883
 851 883 884
 851 852 884
 852 884 885
 868 869 901
 869 901 902
 869 870 902
 870 902 903
 870 871 903
 871 903 904
 871 872 904
 872 904 905
 872 873 905
 873 905 906
 873 874 906
 874 906 907
 874 875 907
 875 907 908
 876 877 909
 877 909 910
 877 878 910
 878 910 911
 878 879 911
 879 911 912
 879 880 912
 880 912 913
 880 881 913
 881 913 914
 881 882 914
 882 914 915
 882 883 915
 883 915 916
 850 851 883
 851 883 884
 851 852 884
 852 884 885
 868 869 901
 869 901 902
 869 870 902
 870 902 903
 870 871 903
 871 903 904
 871 872 904
 872 904 905
 872 873 905
 873 905 906
 873 874 906
 874 906 907
 874 875 907
 875 907 908
 876 877 909
 877 909 910
 877 878 910
 878 910 911
 878 879 911
 879 911 912
 879 880 912
 880 912 913
 880 881 913
 881 913 914
 881 882 914
 882 914 915
 882 883 915
 883 915 916