1 1 1
2 1 1
3 2 1
4 2 1
5 3 1
6 3 1
7 4 1
8 4 1
9 5 1
10 5 1
11 6 1
12 6 1
13 7 1
14 7 1
15 8 1
16 8 1
17 9 1
18 9 1
19 10 1
20 10 1
21 11 1
22 11 1
23 12 1
24 12 1
25 13 1
26 13 1
27 14 1
28 14 1
29 15 1
30 15 1
31 16 1
32 16 1
33 17 1
34 17 1
35 18 1
36 18 1
37 19 1
38 19 1
39 20 1
40 20 1
41 21 1
42 21 1
43 22 1
44 22 1
45 23 1
46 23 1
47 24 1
48 24 1
49 25 1
50 25 1
51 26 1
52 26 1
53 27 1
54 27 1
55 28 1
56 28 1
57 29 1
58 29 1
59 30 1
60 30 1
61 31 1
62 31 1
63 32 1
64 32 1
65 33 1
66 33 1
67 34 1
68 34 1
69 35 1
70 35 1
71 36 1
72 36 1
73 37 1
74 37 1
75 38 1
76 38 1
77 39 1
78 39 1
79 40 1
80 40 1
81 41 1
82 41 1
83 42 1
84 42 1
85 43 1
86 43 1
87 44 1
88 44 1
89 45 1
90 45 1
91 46 1
92 46 1
93 47 1
94 47 1
95 48 1
96 48 1
97 49 1
98 49 1
99 50 1
100 50 1
101 51 1
102 51 1
103 52 1
104 52 1
105 53 1
106 53 1
107 54 1
108 54 1
109 55 1
110 55 1
111 56 1
112 56 1
113 57 1
114 57 1
115 58 1
116 58 1
117 59 1
118 59 1
119 60 1
120 60 1
121 61 1
122 61 1
123 62 1
124 62 1
125 63 1
126 63 1
127 64 1
128 64 1
129 65 1
130 65 1
131 66 1
132 66 1
133 67 1
134 67 1
135 68 1
136 68 1
137 69 1
138 69 1
139 70 1
140 70 1
141 71 1
142 71 1
143 72 1
144 72 1
145 73 1
146 73 1
147 74 1
148 74 1
149 75 1
150 75 1
151 76 1
152 76 1
153 77 1
154 77 1
155 78 1
156 78 1
157 79 1
158 79 1
159 80 1
160 80 1
161 81 1
162 81 1
163 82 1
164 82 1
165 83 1
166 83 1
167 84 1
168 84 1
169 85 1
170 85 1
171 86 1
172 86 1
173 87 1
174 87 1
175 88 1
176 88 1
177 89 1
178 89 1
179 90 1
180 90 1
181 91 1
182 91 1
183 92 1
184 92 1
185 93 1
186 93 1
187 94 1
188 94 1
189 95 1
190 95 1
191 96 1
192 96 1
193 97 1
194 97 1
195 98 1
196 98 1
197 99 1
198 99 1
199 100 1
200 100 1
201 101 1
202 101 1
203 102 1
204 102 1
205 103 1
206 103 1
207 104 1
208 104 1
209 105 1
210 105 1
211 106 1
212 106 1
213 107 1
214 107 1
215 108 1
216 108 1
217 109 1
218 109 1
219 110 1
220 110 1
221 111 1
222 111 1
223 112 1
224 112 1
225 113 1
226 113 1
227 114 1
228 114 1
229 115 1
230 115 1
231 116 1
232 116 1
233 117 1
234 117 1
235 118 1
236 118 1
237 119 1
238 119 1
239 120 1
240 120 1
241 121 1
242 121 1
243 122 1
244 122 1
245 123 1
246 123 1
247 124 1
248 124 1
249 125 1
250 125 1
251 126 1
252 126 1
253 127 1
254 127 1
255 128 1
256 128 1
257 129 1
258 129 1
259 130 1
260 130 1
261 131 1
262 131 1
263 132 1
264 132 1
265 133 1
266 133 1
267 134 1
268 134 1
269 135 1
270 135 1
271 136 1
272 136 1
273 137 1
274 137 1
275 138 1
276 138 1
277 139 1
278 139 1
279 140 1
280 140 1
281 141 1
282 141 1
283 142 1
284 142 1
285 143 1
286 143 1
287 144 1
288 144 1
289 145 1
290 145 1
291 146 1
292 146 1
293 147 1
294 147 1
295 148 1
296 148 1
297 149 1
298 149 1
299 150 1
300 150 1
301 151 1
302 151 1
303 152 1
304 152 1
305 153 1
306 153 1
307 154 1
308 154 1
309 155 1
310 155 1
311 156 1
312 156 1
313 157 1
314 157 1
315 158 1
316 158 1
317 159 1
318 159 1
319 160 1
320 160 1
321 161 1
322 161 1
323 162 1
324 162 1
325 163 1
326 163 1
327 164 1
328 164 1
329 165 1
330 165 1
331 166 1
332 166 1
333 167 1
334 167 1
335 168 1
336 168 1
337 169 1
338 169 1
339 170 1
340 170 1
341 171 1
342 171 1
343 172 1
344 172 1
345 173 1
346 173 1
347 174 1
348 174 1
349 175 1
350 175 1
351 176 1
352 176 1
353 177 1
354 177 1
355 178 1
356 178 1
357 179 1
358 179 1
359 180 1
360 180 1
361 181 1
362 181 1
363 182 1
364 182 1
365 183 1
366 183 1
367 184 1
368 184 1
369 185 1
370 185 1
371 186 1
372 186 1
373 187 1
374 187 1
375 188 1
376 188 1
377 189 1
378 189 1
379 190 1
380 190 1
381 191 1
382 191 1
383 192 1
384 192 1
385 193 1
386 193 1
387 194 1
388 194 1
389 195 1
390 195 1
391 196 1
392 196 1
393 197 1
394 197 1
395 198 1
396 198 1
397 199 1
398 199 1
399 200 1
400 200 1
401 201 1
402 201 1
403 202 1
404 202 1
405 203 1
406 203 1
407 204 1
408 204 1
409 205 1
410 205 1
411 206 1
412 206 1
413 207 1
414 207 1
415 208 1
416 208 1
417 209 1
418 209 1
419 210 1
420 210 1
421 211 1
422 211 1
423 212 1
424 212 1
425 213 1
426 213 1
427 214 1
428 214 1
429 215 1
430 215 1
431 216 1
432 216 1
433 217 1
434 217 1
435 218 1
436 218 1
437 219 1
438 219 1
439 220 1
440 220 1
441 221 1
442 221 1
443 222 1
444 222 1
445 223 1
446 223 1
447 224 1
448 224 1
449 225 1
450 225 1
451 226 1
452 226 1
453 227 1
454 227 1
455 228 1
456 228 1
457 229 1
458 229 1
459 230 1
460 230 1
461 231 1
462 231 1
463 232 1
464 232 1
465 233 1
466 233 1
467 234 1
468 234 1
469 235 1
470 235 1
471 236 1
472 236 1
473 237 1
474 237 1
475 238 1
476 238 1
477 239 1
478 239 1
479 240 1
480 240 1
481 241 1
482 241 1
483 242 1
484 242 1
485 243 1
486 243 1
487 244 1
488 244 1
489 245 1
490 245 1
491 246 1
492 246 1
493 247 1
494 247 1
495 248 1
496 248 1
497 249 1
498 249 1
499 250 1
500 250 1
501 251 1
502 251 1
503 252 1
504 252 1
505 253 1
506 253 1
507 254 1
508 254 1
509 255 1
510 255 1
511 256 1
512 256 1
513 257 1
514 257 1
515 258 1
516 258 1
517 259 1
518 259 1
519 260 1
520 260 1
521 261 1
522 261 1
523 262 1
524 262 1
525 263 1
526 263 1
527 264 1
528 264 1
529 265 1
530 265 1
531 266 1
532 266 1
533 267 1
534 267 1
535 268 1
536 268 1
537 269 1
538 269 1
539 270 1
540 270 1
541 271 1
542 271 1
543 272 1
544 272 1
545 273 1
546 273 1
547 274 1
548 274 1
549 275 1
550 275 1
551 276 1
552 276 1
553 277 1
554 277 1
555 278 1
556 278 1
557 279 1
558 279 1
559 280 1
560 280 1
561 281 1
562 281 1
563 282 1
564 282 1
565 283 1
566 283 1
567 284 1
568 284 1
569 285 1
570 285 1
571 286 1
572 286 1
573 287 1
574 287 1
575 288 1
576 288 1
577 289 1
578 289 1
579 290 1
580 290 1
581 291 1
582 291 1
583 292 1
584 292 1
585 293 1
586 293 1
587 294 1
588 294 1
589 295 1
590 295 1
591 296 1
592 296 1
593 297 1
594 297 1
595 298 1
596 298 1
597 299 1
598 299 1
599 300 1
600 300 1
601 301 1
602 301 1
603 302 1
604 302 1
605 303 1
606 303 1
607 304 1
608 304 1
609 305 1
610 305 1
611 306 1
612 306 1
613 307 1
614 307 1
615 308 1
616 308 1
617 309 1
618 309 1
619 310 1
620 310 1
621 311 1
622 311 1
623 312 1
624 312 1
625 313 1
626 313 1
627 314 1
628 314 1
629 315 1
630 315 1
631 316 1
632 316 1
633 317 1
634 317 1
635 318 1
636 318 1
637 319 1
638 319 1
639 320 1
640 320 1
641 321 1
642 321 1
643 322 1
644 322 1
645 323 1
646 323 1
647 324 1
648 324 1
649 325 1
650 325 1
651 326 1
652 326 1
653 327 1
654 327 1
655 328 1
656 328 1
657 329 1
658 329 1
659 330 1
660 330 1
661 331 1
662 331 1
663 332 1
664 332 1
665 333 1
666 333 1
667 334 1
668 334 1
669 335 1
670 335 1
671 336 1
672 336 1
673 337 1
674 337 1
675 338 1
676 338 1
677 339 1
678 339 1
679 340 1
680 340 1
681 341 1
682 341 1
683 342 1
684 342 1
685 343 1
686 343 1
687 344 1
688 344 1
689 345 1
690 345 1
691 346 1
692 346 1
693 347 1
694 347 1
695 348 1
696 348 1
697 349 1
698 349 1
699 350 1
700 350 1
701 351 1
702 351 1
703 352 1
704 352 1
705 353 1
706 353 1
707 354 1
708 354 1
709 355 1
710 355 1
711 356 1
712 356 1
713 357 1
714 357 1
715 358 1
716 358 1
717 359 1
718 359 1
719 360 1
720 360 1
721 361 1
722 361 1
723 362 1
724 362 1
725 363 1
726 363 1
727 364 1
728 364 1
729 365 1
730 365 1
731 366 1
732 366 1
733 367 1
734 367 1
735 368 1
736 368 1
737 369 1
738 369 1
739 370 1
740 370 1
741 371 1
742 371 1
743 372 1
744 372 1
745 373 1
746 373 1
747 374 1
748 374 1
749 375 1
750 375 1
751 376 1
752 376 1
753 377 1
754 377 1
755 378 1
756 378 1
757 379 1
758 379 1
759 380 1
760 380 1
761 381 1
762 381 1
763 382 1
764 382 1
765 383 1
766 383 1
767 384 1
768 384 1
769 385 1
770 385 1
771 386 1
772 386 1
773 387 1
774 387 1
775 388 1
776 388 1
777 389 1
778 389 1
779 390 1
780 390 1
781 391 1
782 391 1
783 392 1
784 392 1
785 393 1
786 393 1
787 394 1
788 394 1
789 395 1
790 395 1
791 396 1
792 396 1
793 397 1
794 397 1
795 398 1
796 398 1
797 399 1
798 399 1
799 400 1
800 400 1
801 401 1
802 401 1
803 402 1
804 402 1
805 403 1
806 403 1
807 404 1
808 404 1
809 405 1
810 405 1
811 406 1
812 406 1
813 407 1
814 407 1
815 408 1
816 408 1
817 409 1
818 409 1
819 410 1
820 410 1
821 411 1
822 411 1
823 412 1
824 412 1
825 413 1
826 413 1
827 414 1
828 414 1
829 415 1
830 415 1
831 416 1
832 416 1
833 417 1
834 417 1
835 418 1
836 418 1
837 419 1
838 419 1
839 420 1
840 420 1
841 421 1
842 421 1
843 422 1
844 422 1
845 423 1
846 423 1
847 424 1
848 424 1
849 425 1
850 425 1
851 426 1
852 426 1
853 427 1
854 427 1
855 428 1
856 428 1
857 429 1
858 429 1
859 430 1
860 430 1
861 431 1
862 431 1
863 432 1
864 432 1
865 433 1
866 433 1
867 434 1
868 434 1
869 435 1
870 435 1
871 436 1
872 436 1
873 437 1
874 437 1
875 438 1
876 438 1
877 439 1
878 439 1
879 440 1
880 440 1
881 441 1
882 441 1
883 442 1
884 442 1
885 443 1
886 443 1
887 444 1
888 444 1
889 445 1
890 445 1
891 446 1
892 446 1
893 447 1
894 447 1
895 448 1
896 448 1
897 449 1
898 449 1
899 450 1
900 450 1
901 451 1
902 451 1
903 452 1
904 452 1
905 453 1
906 453 1
907 454 1
908 454 1
909 455 1
910 455 1
911 456 1
912 456 1
913 457 1
914 457 1
915 458 1
916 458 1
917 459 1
918 459 1
919 460 1
920 460 1
921 461 1
922 461 1
923 462 1
924 462 1
925 463 1
926 463 1
927 464 1
928 464 1
929 465 1
930 465 1
931 466 1
932 466 1
933 467 1
934 467 1
935 468 1
936 468 1
937 469 1
938 469 1
939 470 1
940 470 1
941 471 1
942 471 1
943 472 1
944 472 1
945 473 1
946 473 1
947 474 1
948 474 1
949 475 1
950 475 1
951 476 1
952 476 1
953 477 1
954 477 1
955 478 1
956 478 1
957 479 1
958 479 1
959 480 1
960 480 1
961 481 1
962 481 1
963 482 1
964 482 1
965 483 1
966 483 1
967 484 1
968 484 1
969 485 1
970 485 1
971 486 1
972 486 1
973 487 1
974 487 1
975 488 1
976 488 1
977 489 1
978 489 1
979 490 1
980 490 1
981 491 1
982 491 1
983 492 1
984 492 1
985 493 1
986 493 1
987 494 1
988 494 1
989 495 1
990 495 1
991 496 1
992 496 1
993 497 1
994 497 1
995 498 1
996 498 1
997 499 1
998 499 1
999 500 1
1000 500 1
1001 501 1
1002 501 1
1003 502 1
1004 502 1
1005 503 1
1006 503 1
1007 504 1
1008 504 1
1009 505 1
1010 505 1
1011 506 1
1012 506 1
1013 507 1
1014 507 1
1015 508 1
1016 508 1
1017 509 1
1018 509 1
1019 510 1
1020 510 1
1021 511 1
1022 511 1
1023 512 1
1024 512 1
1025 513 1
1026 513 1
1027 514 1
1028 514 1
1029 515 1
1030 515 1
1031 516 1
1032 516 1
1033 517 1
1034 517 1
1035 518 1
1036 518 1
1037 519 1
1038 519 1
1039 520 1
1040 520 1
1041 521 1
1042 521 1
1043 522 1
1044 522 1
1045 523 1
1046 523 1
1047 524 1
1048 524 1
1049 525 1
1050 525 1
1051 526 1
1052 526 1
1053 527 1
1054 527 1
1055 528 1
1056 528 1
1057 529 1
1058 529 1
1059 530 1
1060 530 1
1061 531 1
1062 531 1
1063 532 1
1064 532 1
1065 533 1
1066 533 1
1067 534 1
1068 534 1
1069 535 1
1070 535 1
1071 536 1
1072 536 1
1073 537 1
1074 537 1
1075 538 1
1076 538 1
1077 539 1
1078 539 1
1079 540 1
1080 540 1
1081 541 1
1082 541 1
1083 542 1
1084 542 1
1085 543 1
1086 543 1
1087 544 1
1088 544 1
1089 545 1
1090 545 1
1091 546 1
1092 546 1
1093 547 1
1094 547 1
1095 548 1
1096 548 1
1097 549 1
1098 549 1
1099 550 1
1100 550 1
1101 551 1
1102 551 1
1103 552 1
1104 552 1
1105 553 1
1106 553 1
1107 554 1
1108 554 1
1109 555 1
1110 555 1
1111 556 1
1112 556 1
1113 557 1
1114 557 1
1115 558 1
1116 558 1
1117 559 1
1118 559 1
1119 560 1
1120 560 1
1121 561 1
1122 561 1
1123 562 1
1124 562 1
1125 563 1
1126 563 1
1127 564 1
1128 564 1
1129 565 1
1130 565 1
1131 566 1
1132 566 1
1133 567 1
1134 567 1
1135 568 1
1136 568 1
1137 569 1
1138 569 1
1139 570 1
1140 570 1
1141 571 1
1142 571 1
1143 572 1
1144 572 1
1145 573 1
1146 573 1
1147 574 1
1148 574 1
1149 575 1
1150 575 1
1151 576 1
1152 576 1
1153 577 1
1154 577 1
1155 578 1
1156 578 1
1157 579 1
1158 579 1
1159 580 1
1160 580 1
1161 581 1
1162 581 1
1163 582 1
1164 582 1
1165 583 1
1166 583 1
1167 584 1
1168 584 1
1169 585 1
1170 585 1
1171 586 1
1172 586 1
1173 587 1
1174 587 1