 5499 5525 5478 5475 5531 5508 5461 5506 5530 5471 5479 5527 5501 5462 5509 5527 5470 5475 5534 5495 5462 5511 5526 5469 5482 5537 5493 5457 5521 5527 5467 5487 5534 5493
 9299 9410 9659 9551 9487 9502 9573 9495 9540 9706 9811 9987 10073 10176 10292 10442 10464 10479 10460 10700 10637 10438 10550 10688 10445 10290 10305 10250 10220 9990 9974 9956 9993 9855
 22301 22724 22966 22754 22710 22668 21726 21596 22227 22775 22515 23052 23789 24223 24537 24878 25108 25466 26270 26037 25654 25827 26165 25544 24672 24731 24923 24116 23762 23610 23577 23227 23357 23129
 17662 17857 17712 17889 17978 17575 16988 17286 17534 17536 17482 18044 18588 18755 19269 19255 19500 19882 20630 19957 19846 20276 20359 19559 19269 19526 19212 18714 18773 18627 18294 18368 18539 18199
 12629 12633 12467 12767 12687 12420 12563 12381 11968 11958 12700 13014 12955 13244 13934 13868 13946 14282 14624 14430 14528 14635 14256 14145 14388 14062 13482 13662 13886 13546 13021 13400 13289 12953
 7084 7271 7338 7068 7119 7458 7427 6798 6810 6859 6754 6800 6815 6759 6684 7071 7048 6798 6765 7293 7305 6867 6925 7347 7204 7097 7294 7131 7123 7317 7270 6933 6910 7271
 8163 8496 8442 8261 8333 8569 8292 7967 7989 7842 7571 7712 7702 7448 7283 7755 7584 7205 7443 7639 7575 7442 7601 7626 7702 7840 7833 7544 7747 8105 7793 7504 7832 7991
 7436 7712 7585 7621 7904 7765 7434 7455 7520 7239 7129 7352 7342 7215 7509 7508 7343 7520 7863 7532 7437 7679 7638 7282 7164 7414 7232 6993 7197 7191 7002 7132 7338 7155
 10183 10278 10247 10646 10665 10304 10218 10201 10071 10024 10487 10736 10947 11114 11590 11485 11624 12038 12184 11905 12043 12261 11891 11485 11467 11347 10862 10869 10840 10623 10430 10746 10613 10370
 10550 10562 10705 10597 10672 10850 10583 10218 10527 10839 10611 10619 11170 11597 11460 11577 11940 12153 12280 12266 12136 12224 12215 11883 11342 11265 11502 11090 10630 10807 11046 10641 10495 10633
 16829 17019 17089 17077 17169 17491 17150 17083 17315 17450 17347 17778 18088 18305 18454 18757 18957 18994 19401 19508 19330 19311 19520 19112 18708 18663 18586 18136 18042 18018 17902 17629 17883 17693
 6927 7009 6963 7026 7073 7149 6998 6837 6875 6896 6928 6975 7023 7085 7220 7222 7302 7371 7550 7525 7512 7526 7563 7405 7321 7285 7201 7126 7079 7034 6978 6994 7018 6947
 5433 5395 5360 5430 5441 5373 5384 5444 5396 5351 5431 5432 5362 5389 5451 5390 5356 5426 5431 5360 5390 5444 5386 5360 5440 5435 5364 5392 5450 5386 5360 5437 5420 5362
 5282 5204 5246 5320 5248 5214 5301 5291 5212 5253 5322 5240 5205 5306 5294 5207 5254 5311 5243 5207 5305 5282 5206 5258 5323 5246 5213 5306 5283 5209 5270 5315 5227 5223
 8338 8275 8410 8244 8084 7999 7973 8082 8210 8453 8610 8761 8977 9209 9344 9476 9640 9879 9928 10032 9964 9916 9847 9853 9564 9415 9340 9231 9078 8856 8903 8798 8717 8627
 23980 23896 23956 23113 22853 22827 22446 22885 23614 24411 24258 24897 25922 26577 26974 27396 28022 28652 29229 29162 28820 28791 29046 28503 27305 27112 27203 26433 25906 25474 25691 25214 25154 24908
 14195 14284 13658 13295 13604 13773 13217 13340 13818 14015 14137 14946 15373 15418 16045 16468 16592 16912 17571 17497 17243 17177 17282 16809 16397 16426 16142 15480 15626 15566 15142 14737 14878 14887
 3935 3733 3547 3651 3450 3402 3787 3673 3483 3560 3966 3879 3722 3994 4139 4223 4341 4429 4438 4622 4768 4551 4290 4444 4660 4325 4043 4288 4128 4040 3998 3973 3759 3739
 5378 5404 5524 5330 5227 5608 5682 5177 5155 5388 5256 4975 4974 5089 4772 4795 4873 4779 4517 4700 4884 4595 4535 4874 4860 4734 4936 4932 4814 4987 5210 4960 4728 5167
 3211 3408 3513 3272 3329 3480 3278 3107 3397 3478 3149 3148 3401 3312 3189 3378 3475 3282 3326 3480 3364 3207 3458 3385 3085 3212 3382 3180 3008 3229 3346 3040 3190 3315
 4002 4257 4021 3875 4191 4273 3844 3853 4179 4139 3993 4289 4449 4315 4511 4586 4515 4508 4860 4710 4460 4612 4789 4423 4218 4516 4464 4165 4152 4323 4259 4066 4261 4181
 3292 3341 3470 3451 3209 3182 3498 3449 3234 3321 3621 3536 3396 3556 3790 3767 3771 3856 3850 3914 3983 3796 3687 3893 3790 3489 3393 3712 3616 3273 3351 3630 3436 3233
 5650 5521 5747 5671 5579 5709 5731 5692 5793 6110 6041 5865 6144 6415 6192 6130 6395 6440 6324 6413 6386 6340 6300 6360 6161 6081 6244 6219 5881 5941 6234 5994 5872 5992
 8316 8342 8454 8257 8323 8537 8244 8174 8513 8794 8563 8600 8935 8977 8854 8964 9152 9047 9206 9242 9098 9089 9254 9066 8763 8822 8971 8730 8469 8659 8760 8464 8559 8562
 3813 3791 3804 3766 3767 3787 3749 3888 3909 3922 3877 3897 3859 3803 3825 3830 3829 3753 3830 3813 3780 3770 3825 3789 3788 3820 3807 3813 3833 3844 3822 3842 3925 3871
 5528 5429 5484 5578 5486 5440 5552 5538 5439 5490 5578 5474 5432 5560 5541 5432 5493 5565 5477 5431 5558 5529 5431 5498 5580 5483 5439 5559 5529 5433 5514 5570 5458 5454
 5620 5527 5506 5620 5596 5490 5561 5629 5529 5501 5615 5591 5494 5565 5641 5525 5508 5624 5592 5488 5572 5618 5513 5514 5636 5594 5472 5577 5637 5507 5513 5633 5569 5486
 5350 5278 5261 5351 5332 5250 5306 5359 5280 5258 5347 5328 5252 5308 5367 5277 5262 5356 5329 5247 5313 5350 5266 5269 5365 5333 5236 5318 5364 5261 5267 5362 5310 5246
 6134 6077 6170 6159 6054 5916 5980 5958 6063 6233 6406 6484 6723 6970 7071 7133 7353 7569 7590 7597 7570 7596 7448 7396 7208 7084 6944 6905 6744 6597 6593 6549 6435 6358
 13659 13655 13881 13499 13315 13769 13811 13075 13236 14113 14588 14777 15322 16049 16249 16790 17321 17416 17715 18276 17881 17511 17424 17502 16900 16124 16126 16033 15500 15221 15254 14760 14517 14524
 2842 2951 2566 2551 2781 2666 2578 2605 2704 2517 2786 3140 2936 2836 3322 3536 3247 3395 3770 3675 3655 3663 3488 3385 3477 3460 3089 2955 3267 3167 2753 2918 2916 2807
 3795 3759 3646 3804 3760 3731 4011 3921 3663 3661 3997 3897 3569 3671 3823 3768 3604 3668 3673 3611 3706 3682 3467 3575 3895 3643 3363 3659 3781 3628 3484 3735 3605 3482
 1743 1613 1868 1933 1717 1659 1955 1783 1562 1843 1963 1670 1718 2010 1901 1749 1956 2016 1889 1849 2032 1924 1771 1944 1997 1713 1687 1967 1757 1598 1832 1878 1631 1682
 1726 1829 2172 1979 1772 2006 2147 1842 1803 2151 2078 2010 2240 2326 2197 2287 2516 2310 2295 2535 2501 2218 2292 2490 2274 2039 2210 2309 2023 2043 2219 2075 1999 2092
 1743 1611 1486 1774 1902 1604 1423 1715 1875 1562 1584 1843 1881 1782 1935 1896 1959 2094 2093 1898 1959 2207 1992 1709 1920 2120 1782 1589 1878 1926 1654 1620 1812 1712
 2931 2919 2876 2974 2955 2833 2996 3088 3012 3052 3334 3323 3196 3345 3583 3410 3371 3575 3586 3445 3525 3520 3437 3425 3441 3362 3153 3367 3361 3068 3140 3373 3235 2989
 3406 3373 3604 3544 3376 3393 3649 3476 3387 3680 3880 3719 3758 4024 4078 3921 4084 4211 4093 4074 4208 4061 3948 4158 4011 3781 3756 3942 3823 3499 3756 3826 3575 3537
 6905 6826 7091 6944 6937 7082 6999 6984 7283 7615 7323 7315 7630 7726 7434 7445 7745 7736 7553 7610 7703 7569 7515 7609 7386 7432 7620 7439 7240 7352 7541 7219 7202 7425
 4488 4440 4479 4646 4644 4460 4425 4651 4717 4565 4591 4789 4815 4654 4655 4644 4745 4675 4581 4544 4643 4630 4512 4465 4623 4734 4518 4464 4644 4686 4490 4475 4632 4608
 10501 10621 10605 10661 10690 10697 10575 10592 10750 10928 10941 11133 11263 11033 11167 11298 11097 11022 11276 11217 11012 11153 11293 11100 11070 11303 11184 11014 11199 11222 11070 11058 11103 10988
 5634 5612 5518 5592 5652 5541 5524 5654 5612 5515 5600 5649 5540 5529 5651 5601 5505 5594 5645 5532 5534 5645 5597 5523 5617 5658 5519 5542 5662 5594 5517 5616 5647 5523
 5355 5338 5262 5321 5368 5283 5268 5371 5337 5261 5328 5367 5282 5272 5369 5328 5254 5322 5364 5276 5275 5363 5326 5266 5341 5372 5263 5283 5376 5324 5263 5341 5364 5268
 6719 6732 6822 6929 6987 7003 7158 7167 7229 7393 7739 7878 8064 8292 8622 8762 8884 9143 9241 9263 9253 9202 8989 9011 8837 8627 8403 8406 8328 8097 7937 7958 7830 7836
 5852 6107 6004 5902 6050 6358 6317 6202 6356 6610 6742 7047 7133 7215 7459 8146 8142 7952 8327 8940 8627 8181 8304 8296 8147 7796 7694 7485 7362 7544 7205 6799 7007 7111
 5128 5312 5048 5079 5411 5570 5418 5577 5825 5583 5693 6042 5901 5597 5831 6084 5907 5784 6012 6086 5958 5852 5940 5811 5900 5987 5658 5450 5806 5905 5495 5388 5674 5697
 2321 2309 2150 2395 2476 2247 2236 2549 2479 2319 2500 2624 2454 2473 2750 2645 2591 2812 2883 2679 2697 2836 2758 2508 2637 2743 2395 2466 2603 2484 2356 2494 2592 2346
 2016 1836 1919 2250 2170 1867 2085 2238 2096 2120 2369 2384 2344 2618 2661 2424 2647 2961 2742 2529 2864 2886 2530 2530 2722 2563 2295 2473 2497 2265 2314 2455 2285 2190
 1321 1616 1557 1246 1420 1736 1527 1295 1571 1775 1535 1563 1742 1777 1840 1914 1840 1823 2106 2093 1787 1840 2113 1965 1632 1672 1929 1760 1544 1653 1761 1633 1579 1593
 2525 2646 2538 2563 2755 2689 2551 2823 3014 2889 2859 3168 3297 3064 3202 3393 3327 3245 3451 3367 3277 3366 3419 3160 3197 3353 3141 2971 3127 3235 2962 2929 3171 3042
 2687 2663 2655 2837 2877 2668 2652 2880 2912 2842 3014 3191 3171 3145 3300 3278 3271 3386 3463 3268 3320 3501 3312 3164 3284 3308 2999 2962 3119 3069 2855 2989 3062 2867
 4742 4578 4653 4822 4780 4648 4921 5020 4915 5132 5403 5221 5091 5457 5589 5312 5357 5600 5591 5425 5442 5498 5382 5416 5402 5268 5140 5434 5266 5007 5170 5355 5080 4858
 12860 13078 12696 12354 13065 13646 12941 12462 13473 14266 13538 13306 13999 14488 14286 13919 13803 14184 14650 13924 13470 14082 14584 13841 13128 13621 14339 13754 12901 13390 13944 13315 12843 13104
 24410 24732 25465 25238 24665 24462 24000 24038 24361 24978 24944 25507 26169 26845 26901 27334 28136 28278 28463 28743 28590 28288 28402 28042 27330 26954 27049 26579 26066 25742 25992 25458 25538 25308
 9251 9287 9244 9121 8990 8904 8755 9022 9207 9449 9507 9826 10054 10224 10428 10536 10798 10924 11142 11067 11048 10980 11038 10776 10561 10480 10370 10169 9998 9901 9845 9702 9716 9564
 5596 5664 5560 5549 5653 5622 5524 5606 5650 5549 5545 5656 5601 5525 5613 5654 5549 5542 5661 5601 5509 5620 5652 5541 5558 5666 5581 5519 5631 5646 5536 5564 5670 5586
 5241 5296 5215 5207 5288 5263 5186 5250 5286 5205 5202 5290 5247 5188 5256 5288 5207 5200 5293 5246 5175 5261 5287 5199 5212 5298 5230 5182 5271 5283 5194 5217 5300 5232
 4818 4750 4720 4636 4619 4691 4787 4698 4767 5001 5265 5303 5380 5525 5810 6025 5938 6023 6195 6436 6309 6138 6014 6256 6174 5881 5810 5848 5844 5699 5538 5436 5361 5395
 6614 6678 6665 6399 6161 6620 6565 6140 6323 6708 6719 6669 6861 7093 6906 7308 7585 7359 7449 7883 7778 7389 7456 7674 7513 7198 7352 7178 7047 7252 7184 6767 6669 7001
 3251 3582 3582 3374 3444 3550 3345 3341 3673 3759 3380 3620 3905 3790 3686 3937 4056 3889 4152 4088 3863 3939 4137 3924 3674 3845 3943 3651 3571 3838 3692 3492 3721 3672
 2661 2833 2631 2572 2754 2684 2494 2649 2857 2847 2807 3068 3191 3272 3479 3469 3482 3621 3949 3678 3490 3784 3801 3351 3202 3413 3270 3123 3053 3101 2974 3015 3088 2854
 1192 1178 1559 1574 1152 1104 1489 1472 1234 1467 1667 1582 1633 1796 1723 1801 2138 2013 1882 2103 2202 1869 1785 2002 1926 1580 1500 1774 1631 1438 1539 1577 1509 1441
 1455 1536 1626 1454 1405 1638 1554 1344 1528 1752 1551 1467 1761 1881 1718 1795 1997 1936 1899 2020 1948 1837 1968 1949 1676 1679 1876 1736 1474 1643 1816 1539 1467 1667
 1607 1846 1708 1493 1657 1809 1553 1444 1757 1828 1643 1802 1970 1989 2044 2119 2174 2138 2359 2340 2118 2134 2383 2130 1845 2034 2086 1880 1713 1908 1868 1680 1776 1821
 2550 2707 2640 2638 2696 2524 2347 2591 2698 2544 2636 2942 2878 2715 2922 3066 3029 3003 3154 3132 3090 3100 3095 2923 2893 3020 2803 2673 2847 2819 2653 2648 2843 2695
 6456 6940 7726 7437 6478 6512 7401 7219 6454 6872 7675 7615 7127 7373 7638 7965 8126 7581 7632 8268 8165 7276 7387 8209 7949 7076 6974 7730 7653 6798 6937 7474 7376 6822
 19522 19327 19700 19916 19561 18785 19092 19020 19050 19412 19630 19768 20348 21179 21157 20967 21711 22431 22201 21874 22191 22412 21926 21583 21377 21180 20862 20950 20350 20099 20358 20379 19926 19733
 26598 26173 26419 25883 25277 24848 25153 25740 26121 27200 27218 27807 28784 29900 29908 30238 31224 31224 31224 31224 31224 31224 31224 31224 30501 29961 29889 29405 28553 28103 28505 28039 27671 27305
 6921 6975 6966 6899 6850 6813 6652 6730 6942 7182 7156 7397 7683 7909 7987 8095 8370 8519 8636 8559 8536 8518 8508 8254 8050 7970 7941 7726 7520 7487 7498 7311 7268 7183
 5318 5261 5215 5304 5316 5226 5246 5320 5257 5210 5301 5305 5217 5254 5323 5256 5209 5304 5308 5212 5246 5319 5250 5211 5313 5306 5212 5261 5325 5242 5214 5312 5289 5212
 5102 5058 5022 5092 5100 5031 5046 5103 5054 5019 5089 5092 5022 5053 5106 5053 5018 5091 5095 5019 5043 5101 5049 5019 5098 5092 5019 5058 5107 5042 5021 5098 5081 5019
 2584 2536 2487 2482 2429 2475 2535 2446 2423 2455 2578 2539 2473 2537 2589 2644 2640 2675 2651 2738 2781 2681 2600 2740 2791 2666 2601 2661 2731 2649 2604 2610 2537 2609
 4458 4489 4782 4640 4427 4458 4634 4477 4560 4816 4663 4582 4881 5072 4872 4799 5261 5305 5136 5190 5341 5123 5040 5181 4997 4830 5020 5030 4757 4715 5004 4861 4662 4829
 3057 3380 3549 3273 3089 3277 3249 3126 3362 3572 3426 3643 4015 4021 3907 4235 4482 4300 4408 4586 4487 4279 4396 4327 3995 3948 4058 3895 3666 3809 3863 3633 3727 3724
 1956 1761 1630 1925 1991 1672 1608 1849 1957 1849 1853 1996 2157 2244 2248 2136 2286 2668 2536 2240 2440 2688 2358 2056 2236 2358 2113 2004 2035 2064 1971 1985 1936 1896
 2014 1884 2016 2122 1870 1774 2090 2139 1937 2057 2332 2206 2109 2413 2445 2312 2490 2609 2475 2531 2673 2560 2425 2463 2570 2274 2161 2451 2317 2063 2210 2337 2160 2075
 1498 1530 1791 1713 1412 1519 1708 1571 1442 1703 1779 1660 1763 1927 1835 1853 2122 1990 1928 2125 2168 1887 1907 2094 1990 1716 1770 1935 1711 1621 1777 1724 1608 1671
 2486 2576 2585 2459 2488 2614 2415 2339 2579 2704 2491 2513 2779 2795 2606 2719 2943 2819 2864 2980 2881 2800 2958 2800 2605 2719 2857 2658 2413 2710 2782 2485 2541 2691
 6554 5868 5857 6752 6818 5808 5590 6413 6627 6022 5923 6465 6795 6682 6379 6201 6834 7254 6599 6116 6865 7240 6306 5875 6705 7095 6312 5950 6352 6741 6221 5993 6324 6463
 14379 14496 14032 14075 14380 14275 13819 13731 13767 13693 14249 14695 14742 14895 15711 15727 15595 15978 16598 16223 16083 16216 16207 15756 15755 15795 15249 15299 15454 15204 14717 14904 14994 14643
 15872 15283 14899 14995 14967 14725 14794 14992 15055 15348 16219 16494 16738 17322 18010 18039 18282 19166 19319 19052 19170 19230 18600 18404 18369 17947 17279 17424 17372 16794 16484 16587 16305 16120
 15911 15543 15683 15581 15326 15621 15500 15121 15217 16132 16957 17032 17418 18337 18862 19065 19528 20221 20287 20436 20392 20063 19568 19676 19201 18337 18047 18180 17856 17097 17192 17022 16581 16478
 6843 6896 7002 7139 7122 7225 7229 7392 7477 7600 7844 8168 8370 8463 8774 9019 9233 9254 9461 9497 9495 9332 9251 9102 9024 8855 8607 8485 8503 8368 8106 7993 8142 8092
 5347 5367 5285 5308 5375 5311 5264 5355 5367 5276 5312 5377 5309 5265 5365 5357 5264 5312 5376 5298 5269 5367 5354 5269 5334 5385 5295 5278 5370 5344 5272 5338 5378 5293
 5153 5167 5104 5120 5174 5122 5088 5159 5168 5096 5124 5175 5123 5088 5166 5160 5087 5125 5175 5115 5091 5169 5159 5092 5141 5183 5110 5098 5170 5151 5092 5144 5177 5111
 2528 2467 2440 2493 2502 2462 2481 2480 2420 2381 2434 2376 2319 2360 2376 2310 2328 2375 2369 2335 2364 2385 2351 2356 2421 2407 2340 2431 2446 2404 2399 2446 2443 2421
 6902 6609 6738 6877 6645 6545 6708 6678 6582 6850 7007 6988 7210 7683 7495 7331 7799 8049 7786 7734 8037 7944 7684 7639 7696 7509 7340 7544 7237 7123 7375 7262 7051 7116
 3674 3946 3672 3424 3622 3812 3609 3518 3704 3789 3745 3809 3835 3894 4097 4175 4028 4034 4493 4347 4012 4111 4434 4055 3830 3926 4006 3912 3783 3769 3799 3758 3796 3648
 2965 2925 2787 2860 3031 2865 2797 3042 3126 2947 2992 3223 3218 3105 3325 3311 3299 3434 3511 3354 3384 3539 3436 3237 3317 3478 3209 3118 3289 3299 3079 3156 3274 3130
 2185 1982 1939 2201 2160 1901 1944 2114 2044 1974 2117 2191 2104 2282 2269 2121 2184 2499 2327 2124 2382 2485 2216 2094 2345 2320 2070 2190 2200 2107 2079 2202 2101 1989
 2638 2577 2717 2709 2525 2551 2743 2546 2381 2662 2764 2531 2516 2797 2700 2564 2688 2779 2678 2665 2798 2667 2603 2798 2810 2512 2604 2873 2665 2461 2707 2812 2559 2532
 6078 6587 5862 5215 5936 6524 5928 5139 5643 6077 5838 5493 5523 5884 6140 5839 5241 5587 6424 5891 5173 5632 6406 5797 5173 5624 6224 5991 5393 5581 5998 5937 5614 5415
 8767 8939 8956 8662 8761 9248 8728 8307 8407 8508 8289 8225 8393 8168 8278 8751 8532 8159 8542 8943 8576 8274 8755 8917 8734 8704 8861 8608 8719 8982 8752 8409 8722 8973
 5478 5582 5036 4768 5128 5380 4995 5028 5273 5241 5389 5458 5418 5285 5818 6158 5765 5770 6437 6396 5918 6025 6325 6016 5873 5983 5854 5569 5702 5795 5359 5324 5529 5450
 4381 4175 3847 4052 4179 3972 3808 4121 4055 3853 4410 4520 4235 4271 4883 4962 4699 5013 5288 5137 5035 5144 4948 4809 5012 4930 4421 4415 4798 4528 4053 4349 4378 4152
 6867 6462 6266 6365 6745 7228 6730 6394 7015 7608 7352 6939 7640 8292 8235 8220 8495 9065 9102 9057 8906 9001 8948 8704 8304 8270 8564 7990 7498 7861 8190 7367 6953 7708
 4969 4893 4880 4805 4785 4892 4846 4899 4978 5208 5400 5491 5602 5687 6007 6242 6187 6130 6428 6619 6406 6206 6291 6367 6284 6052 5969 5928 5995 5868 5657 5508 5597 5609
 5303 5379 5309 5271 5360 5359 5264 5306 5376 5301 5271 5360 5347 5263 5323 5376 5296 5273 5365 5338 5261 5323 5372 5294 5280 5373 5342 5260 5332 5375 5283 5280 5370 5332
 4436 4361 4287 4321 4388 4483 4332 4281 4239 4182 4212 4042 3943 3879 3995 4054 3887 3829 3902 4060 4000 3881 3995 4217 4260 4156 4132 4196 4397 4318 4200 4202 4265 4460
 3530 3443 3354 3385 3457 3492 3389 3338 3330 3336 3497 3428 3422 3469 3688 3747 3583 3625 3750 3861 3761 3728 3741 3882 3863 3732 3638 3673 3830 3717 3554 3623 3590 3693
 8191 8002 8294 8151 7879 8224 8204 8030 7870 7965 8094 7940 7974 8030 8197 8657 8617 8320 8301 9034 8923 8285 8362 8962 8894 8228 8265 8316 8661 8367 8158 8018 8114 8490
 6616 6638 6506 6325 6456 6816 6598 6525 6730 6901 6799 6698 6848 6891 6955 7167 7003 6803 7070 7313 6994 6845 7228 7326 7079 6957 7163 7050 7078 7149 7041 6821 6943 7116
 4565 4666 4417 4324 4513 4626 4352 4295 4434 4508 4551 4483 4454 4404 4653 4652 4330 4261 4615 4592 4299 4416 4657 4601 4502 4567 4563 4494 4621 4654 4465 4480 4549 4587
 5626 5406 5262 5481 5603 5344 5293 5563 5456 5247 5421 5413 5156 5014 5314 5211 4934 4971 5034 4990 4961 5038 5062 5129 5369 5418 5127 5309 5674 5478 5270 5457 5615 5515
 6375 6583 7429 7119 6343 6642 7168 7022 6320 6346 6714 6684 6286 5894 5936 6512 6456 5442 5346 6481 6401 5289 5552 6667 6804 6019 5977 6634 6982 6527 6246 6434 6903 6897
 9324 9112 9348 9287 9151 9318 9271 8791 8455 8732 8791 8284 8224 8541 8312 8215 8395 8406 8100 8477 8624 8289 8176 8764 8782 8410 8459 8778 8706 8492 8780 8664 8444 8779
 6339 6438 6629 6295 6118 6648 6572 6183 6090 6296 6183 5891 5957 5880 5676 5935 5898 5476 5398 5966 5819 5310 5545 6020 5853 5546 5835 5913 5902 5966 6029 5807 5870 6286
 4899 5179 4988 4753 4996 5400 4966 4785 5123 5123 4932 4987 5085 4854 4771 5151 4949 4681 4937 5122 4746 4664 5030 4959 4713 4902 4990 4651 4796 5098 4861 4577 4820 5086
 5152 5423 5574 5289 5011 5486 6224 5793 5180 5508 6578 6117 5313 5578 6396 6384 5740 5793 6217 6467 6097 5683 5845 6434 6278 5453 5403 6231 6226 5313 5375 6171 5785 5332
 7530 7207 7157 7109 6980 7171 7101 6872 6955 7384 7571 7284 7360 7846 7834 7778 8085 8398 8172 8375 8519 8218 8005 8300 8249 7889 7898 7930 7811 7615 7863 7542 7205 7601
 2689 2625 2594 2553 2520 2651 2572 2513 2551 2607 2628 2608 2631 2656 2669 2753 2781 2754 2772 2876 2876 2739 2763 2860 2849 2758 2770 2734 2799 2764 2739 2634 2637 2781
 5177 5275 5259 5164 5217 5280 5203 5171 5273 5254 5176 5221 5281 5201 5179 5274 5244 5170 5228 5255 5193 5181 5281 5244 5176 5245 5273 5184 5185 5280 5231 5168 5248 5271
 5119 5194 5183 5107 5148 5197 5139 5113 5194 5180 5117 5153 5199 5136 5118 5193 5170 5111 5159 5198 5130 5122 5198 5170 5117 5171 5191 5124 5124 5199 5160 5111 5174 5193
 6671 6488 6406 6407 6392 6317 6401 6461 6642 6841 7042 7100 7408 7744 8060 8205 8289 8524 8622 8726 8616 8587 8285 8176 7943 7706 7437 7338 7299 7200 7032 6925 6780 6821
 13807 13432 13605 13420 13363 13503 14134 14024 14190 14765 15209 15292 15744 16512 16967 17406 17752 18103 18253 18699 18564 18166 17583 17687 17181 16383 16104 16061 15962 15541 15427 15184 14878 14896
 8273 8243 8299 8060 7932 8124 8047 7879 8158 8713 8861 9093 9513 9862 10158 10556 10871 10838 11123 11517 11356 10875 10831 10894 10464 9936 9867 9716 9585 9363 9200 8883 8797 8884
 7597 7669 7412 7260 7467 7514 7170 7200 7660 7980 7864 8060 8391 8433 8683 8776 8877 8891 9223 9231 9047 8942 9086 8990 8697 8715 8655 8431 8397 8488 8251 7942 7963 8072
 11234 10292 10106 10881 11200 10536 10236 10499 10750 10700 10604 10594 11166 11543 11223 10839 11361 12030 11405 11015 11628 12036 11130 11042 11495 11726 11174 10868 11148 11346 11084 10574 10296 10913
 7657 7536 7481 7821 7875 7405 7389 7581 7294 7011 7324 7373 7181 7363 7571 7384 7371 7756 7763 7368 7546 7798 7424 7052 7322 7325 6916 7110 7160 6961 6924 7284 7195 6830
 3095 2666 2789 3091 2904 2634 2894 2942 2743 2811 2910 2688 2744 3118 2915 2600 2924 3216 2829 2668 3094 3110 2717 2699 2963 2771 2602 2817 2676 2605 2824 2809 2557 2591
 1519 1535 1843 1710 1457 1669 1834 1494 1430 1859 1769 1522 1701 1954 1689 1651 1958 1889 1664 1905 1997 1705 1706 1973 1765 1447 1681 1867 1473 1454 1800 1604 1397 1607
 1716 1513 1694 2166 2227 1559 1461 2349 2480 1687 1552 2425 2536 2016 1857 2291 2617 2426 2075 2130 2553 2602 2046 1810 2358 2665 1888 1494 2279 2563 1783 1562 2357 2322
 3227 3221 3155 3323 3201 2881 3225 3442 3232 3154 3538 3673 3388 3569 3838 3723 3695 3956 3993 3752 3859 3931 3771 3568 3751 3656 3343 3601 3635 3334 3267 3649 3559 3059
 4296 4103 4142 4266 4057 3872 4222 4214 4112 4288 4411 4322 4334 4836 4714 4410 4802 5103 4895 4671 4977 4973 4703 4604 4716 4537 4483 4724 4380 4271 4541 4607 4314 4132
 2382 2313 2382 2380 2363 2398 2390 2342 2319 2345 2282 2247 2262 2300 2218 2215 2292 2289 2239 2257 2314 2250 2243 2310 2315 2267 2321 2322 2318 2314 2344 2295 2299 2370
 4515 4343 4378 4300 4447 4487 4379 4282 4238 4223 4248 4076 3933 3975 4012 4151 3847 3923 3925 4171 3962 3987 4024 4311 4276 4162 4178 4251 4465 4298 4256 4238 4347 4442
 5402 5425 5372 5365 5423 5396 5353 5403 5419 5371 5373 5425 5396 5363 5410 5420 5365 5374 5424 5391 5357 5411 5421 5366 5379 5427 5385 5355 5413 5418 5361 5385 5427 5381
 6094 6052 6033 6061 6158 6140 6298 6383 6512 6558 6708 6881 7134 7323 7496 7602 7757 7959 7990 7872 7896 7909 7611 7333 7125 7032 6842 6739 6645 6608 6550 6576 6434 6364
 13467 13159 13336 13467 13351 13008 13093 13250 13515 13961 14386 14914 15542 16331 16482 16668 17301 17939 17767 17535 17738 17709 16768 16127 15731 15318 14947 14685 14295 14105 14184 14054 13630 13378
 10068 10110 10439 10318 10088 10086 10196 10251 10368 10890 10924 11167 11471 11878 11814 11892 12350 12353 12273 12234 12347 12063 11744 11532 11213 10849 10954 10906 10526 10414 10744 10574 10371 10190
 11726 12453 11847 11359 11849 12089 11879 11570 11657 12114 12389 12413 12315 12731 13548 13170 12646 13034 13944 13209 12485 12940 13373 12467 11715 11931 12098 12137 11556 11325 11645 12140 11609 10831
 10363 10814 10705 10608 10806 10786 10164 10203 10587 10598 10613 11248 11596 11565 11755 12089 12243 12186 12627 12493 12296 12284 12430 11726 11369 11578 11382 10929 10818 11041 10876 10680 10931 10684
 3941 4035 3636 3671 3959 3744 3578 3806 3897 3740 3991 4219 4000 4084 4485 4402 4135 4439 4770 4355 4176 4549 4510 4074 4058 4264 3983 3901 4033 3934 3834 4038 4000 3611
 2176 1898 1833 2257 2158 1822 1955 2202 2011 1929 2310 2388 2150 2416 2550 2311 2349 2715 2586 2291 2552 2726 2331 2243 2525 2378 2030 2230 2342 2053 2060 2311 2155 1883
 1651 1799 1364 1086 1613 2101 1602 952 1677 2280 1710 1330 1997 2470 2180 1868 1936 2359 2579 2189 1852 2288 2645 2085 1431 1828 2496 2047 1226 1728 2356 1801 1314 1709
 2252 2486 2405 2285 2432 2312 2115 2369 2760 2537 2376 2914 3173 3006 2981 3283 3430 3387 3505 3405 3386 3416 3414 3024 2948 3223 3041 2591 2707 2953 2724 2474 2822 2701
 2866 3018 2792 2868 2885 2605 2677 2973 3078 2832 3093 3553 3485 3485 3776 3865 3845 4029 4226 3918 3965 4138 3931 3593 3694 3729 3414 3320 3489 3406 3139 3391 3402 3015
 6534 6301 6111 6336 6314 6092 6213 6252 6191 6270 6664 6694 6640 7168 7309 7060 7128 7613 7596 7289 7404 7602 7340 7116 7173 7098 6868 6970 6945 6671 6770 6939 6644 6437
 3312 3230 3222 3201 3227 3338 3197 3143 3133 3223 3272 3240 3286 3351 3472 3575 3484 3435 3551 3748 3626 3504 3609 3751 3667 3495 3497 3519 3626 3524 3437 3363 3449 3551
 5127 5192 5154 5101 5166 5184 5116 5126 5189 5147 5105 5167 5182 5120 5132 5193 5141 5106 5179 5182 5104 5132 5199 5147 5111 5182 5179 5114 5138 5185 5140 5106 5182 5161
 5381 5433 5403 5361 5413 5426 5374 5382 5432 5397 5364 5414 5425 5376 5385 5434 5394 5366 5423 5425 5364 5385 5438 5398 5369 5425 5424 5373 5393 5428 5391 5365 5425 5408
 7653 7656 7553 7553 7502 7391 7349 7485 7754 8017 8441 8845 9171 9399 9710 9852 10055 10253 10362 10271 10239 10209 9997 9660 9376 9267 8994 8846 8672 8585 8433 8386 8219 8091
 21569 21414 21503 21737 21589 20952 20750 21481 22212 22904 24064 25181 25901 26540 26993 27269 27712 28384 28185 27887 28065 28131 27046 26363 25897 25668 24920 24608 24375 24067 23862 23818 23388 23032
 18557 19065 20028 19886 19094 19003 19111 19569 19628 20041 20677 22240 22832 22664 22622 23725 24438 23593 23530 23994 24277 23276 22939 22713 22549 21798 21438 21070 21188 21093 20481 20269 20828 20314
 10496 10576 11036 10759 10527 10756 10749 10424 10458 10943 10820 10973 11378 11746 11583 11838 12313 12310 12201 12383 12507 12081 11951 11897 11477 11074 11327 11157 10736 10717 11071 10733 10553 10647
 2897 3244 3424 3089 2986 3236 3166 3085 3301 3341 3094 3362 3657 3386 3269 3722 3853 3477 3578 3892 3711 3415 3643 3616 3384 3379 3495 3239 3168 3456 3286 3024 3304 3340
 1857 2077 1811 1720 2015 2002 1684 1837 2084 1891 1768 2166 2146 1971 2141 2275 2104 2106 2483 2262 2041 2258 2378 1977 1915 2227 2103 1824 1945 2141 1822 1815 2084 1879
 584 890 1413 1169 431 643 1465 1289 553 857 1542 1355 814 1036 1417 1553 1477 1114 1262 1688 1646 918 1098 1711 1622 817 725 1525 1437 703 839 1466 1244 714
 1187 1214 1401 1185 1035 1268 1385 1088 1204 1637 1444 1277 1606 1903 1655 1628 1926 1933 1879 1933 1923 1745 1798 1816 1531 1380 1694 1653 1185 1326 1656 1411 1138 1311
 1265 1494 1498 1347 1341 1464 1358 1312 1632 1653 1386 1620 1932 1854 1649 1929 2179 1966 2017 2106 2077 1965 2038 1854 1692 1798 1913 1593 1422 1808 1717 1418 1580 1685
 3540 3760 3627 3486 3595 3583 3516 3637 3776 3551 3603 3982 3919 3730 3951 4247 4128 3998 4274 4232 4061 4109 4150 3890 3885 3954 3754 3610 3813 3891 3470 3642 3851 3636
 7534 6982 7081 7146 7133 7180 7168 7041 6886 7122 7257 6852 6918 7315 7539 7473 7394 7601 7571 7877 7783 7601 7471 7931 7730 7343 7265 7510 7641 7212 7290 7185 7072 7362
 6328 6159 6154 6082 6035 6075 6119 6194 6320 6653 6730 6865 7148 7502 7759 7909 8035 8174 8379 8424 8316 8166 7984 7832 7586 7278 7155 7027 6968 6843 6754 6553 6528 6508
 5099 5172 5180 5110 5128 5191 5144 5100 5169 5180 5110 5133 5194 5141 5106 5173 5174 5104 5132 5190 5133 5106 5175 5177 5111 5141 5184 5131 5102 5175 5166 5103 5152 5181
 5350 5406 5412 5358 5371 5420 5384 5349 5403 5413 5357 5374 5423 5382 5356 5406 5407 5351 5374 5420 5376 5354 5409 5409 5359 5382 5415 5373 5350 5408 5401 5353 5390 5413
 6817 6830 6732 6706 6670 6656 6641 6801 6986 7172 7348 7537 7712 7803 7945 7990 8081 8095 8206 8097 8035 8026 7960 7744 7606 7581 7494 7410 7319 7340 7233 7204 7121 7057
 24124 23244 23244 23525 23836 23483 23419 23597 24232 24903 24891 25322 26390 27422 26912 26592 27396 28448 27634 26955 27467 27852 26889 26135 25800 26007 25860 25125 24566 24601 25206 24281 23588 23942
 16639 16380 16462 16827 16940 16580 16738 16883 16745 16792 17360 17462 17548 18155 18293 18181 18465 19055 18899 18747 18983 19099 18571 18325 18364 18059 17587 17767 17563 17224 17266 17467 17134 16745
 4950 4618 4889 5017 4815 4832 5054 5026 5016 5312 5296 5159 5336 5757 5413 5174 5651 5801 5402 5374 5759 5599 5347 5439 5525 5278 5327 5412 5094 5046 5476 5223 4947 5069
 2206 2377 2647 2403 2226 2572 2611 2365 2543 2834 2682 2633 2933 2987 2754 2901 3171 2919 2779 3117 3081 2747 2923 3094 2805 2633 2901 2867 2545 2693 2855 2554 2497 2688
 1903 1400 1429 2146 2310 1601 1338 2252 2520 1934 1732 2415 2576 2361 2047 2140 2531 2821 2282 1929 2590 2850 2139 1746 2513 2820 2153 1689 2200 2566 2052 1769 2260 2317
 1002 881 958 1125 903 679 1036 1163 889 851 1218 1212 930 1161 1352 1259 1260 1452 1307 1253 1480 1371 1122 1204 1414 1112 854 1184 1269 875 912 1237 1048 805
 1113 999 1176 1136 922 1040 1255 1103 1044 1363 1389 1178 1264 1637 1476 1366 1575 1711 1503 1496 1723 1547 1443 1588 1522 1278 1386 1501 1238 1107 1437 1408 1088 1161
 1860 1801 1979 1907 1827 2037 1994 1861 2039 2225 1969 1931 2320 2432 2072 2166 2556 2399 2250 2405 2494 2302 2347 2329 2225 2193 2386 2251 1989 2308 2378 1970 1980 2265
 5277 5086 4839 5010 5148 5061 5145 5297 5257 5194 5486 5379 5256 5359 5735 5599 5324 5449 5736 5683 5479 5602 5675 5684 5669 5660 5415 5617 5831 5540 5332 5539 5615 5437
 12585 12208 12036 12051 12300 12276 12711 12828 13049 13473 13981 14154 14477 15226 16005 16099 16182 16875 17123 17147 16989 16821 16310 16152 15584 15094 14652 14733 14695 14053 13998 13869 13617 13418
 5916 5847 5926 5916 5936 6027 6157 6252 6299 6450 6564 6769 6959 7217 7279 7453 7649 7750 7747 7711 7738 7622 7342 7144 6955 6762 6671 6547 6471 6379 6421 6355 6257 6169
 5088 5113 5172 5118 5083 5162 5157 5090 5117 5173 5114 5082 5157 5155 5091 5121 5168 5114 5085 5159 5154 5085 5126 5174 5117 5091 5161 5153 5090 5132 5168 5099 5093 5158
 5343 5363 5409 5368 5339 5401 5398 5345 5367 5411 5364 5337 5397 5395 5344 5369 5407 5363 5340 5398 5395 5341 5372 5410 5366 5346 5401 5395 5345 5380 5406 5351 5346 5398
 8659 8759 8657 8588 8675 8758 9001 8961 8958 9071 9417 9438 9470 9597 9791 9775 9682 9740 9941 9864 9676 9758 9826 9703 9566 9507 9417 9526 9355 9207 9139 9329 9132 8893
 7069 7143 7090 7168 7267 7192 6922 6974 7058 7023 7045 7130 7214 7236 7350 7410 7481 7563 7714 7608 7611 7651 7616 7420 7374 7371 7247 7173 7127 7165 7043 7098 7088 7001
 8384 8328 8073 8245 8335 8019 8181 8408 8376 8320 8749 8694 8457 8719 9026 8801 8653 9077 9166 8857 8843 9095 8855 8578 8794 8667 8360 8604 8557 8275 8228 8666 8429 7908
 3568 3280 3462 3735 3497 3274 3584 3665 3510 3651 3950 3752 3753 4169 4025 3813 4026 4324 3998 3839 4221 4189 3786 3871 4132 3814 3636 3914 3749 3516 3708 3798 3490 3397
 2203 2560 1981 1503 2105 2684 2188 1602 2230 2793 2394 2075 2346 2706 2808 2609 2196 2579 3147 2773 2088 2565 3182 2668 1922 2330 2879 2544 1906 2163 2623 2378 1958 1999
 1526 1523 1267 1368 1653 1393 1093 1480 1714 1410 1385 1737 1762 1669 1813 1884 1841 1960 2113 1836 1828 2136 2002 1562 1711 1996 1680 1384 1640 1752 1452 1420 1611 1436
 1331 1215 1096 1291 1269 963 1070 1334 1220 1026 1384 1482 1240 1338 1619 1487 1423 1652 1639 1428 1582 1679 1448 1330 1604 1493 1124 1333 1529 1212 1133 1359 1341 1020
 1594 1376 1449 1532 1322 1324 1604 1454 1216 1493 1705 1431 1377 1769 1758 1558 1599 1848 1725 1623 1759 1777 1591 1698 1779 1448 1517 1794 1571 1300 1569 1732 1362 1207
 3196 3380 3336 3130 3299 3411 3156 3114 3352 3385 3241 3318 3378 3226 3314 3439 3215 3122 3357 3467 3248 3158 3466 3525 3291 3374 3459 3301 3442 3473 3317 3191 3420 3509
 7795 7759 7440 7429 7619 7419 7191 7480 7797 7925 8309 8740 8927 9106 9830 9948 9972 10214 10721 10696 10406 10319 10301 9962 9641 9454 8962 9002 8998 8749 8295 8210 8363 8009
 13639 13488 13458 13538 13574 13195 13122 13538 13872 14034 14670 15351 15819 16327 16726 16967 17393 18023 17882 17581 17693 17687 16726 16029 15728 15520 14906 14655 14513 14299 14133 14172 13829 13456
 7584 7467 7511 7457 7382 7284 7270 7429 7672 8036 8405 8793 9084 9431 9563 9755 9947 10194 10161 10100 10111 10066 9738 9472 9267 9057 8888 8673 8570 8392 8374 8230 8062 7943
 5354 5413 5396 5348 5385 5419 5365 5354 5414 5403 5346 5385 5414 5364 5357 5416 5389 5351 5391 5415 5363 5357 5418 5394 5354 5398 5413 5360 5362 5418 5384 5343 5401 5402
 5453 5580 5542 5442 5519 5587 5475 5452 5577 5554 5439 5516 5578 5474 5462 5585 5524 5446 5529 5579 5470 5462 5588 5538 5454 5547 5572 5465 5470 5584 5517 5433 5550 5554
 5458 5436 5497 5486 5437 5477 5502 5454 5443 5503 5485 5435 5472 5503 5456 5441 5500 5486 5434 5473 5506 5448 5447 5502 5482 5436 5481 5507 5450 5445 5506 5469 5434 5479
 3757 3804 3806 3783 3770 3811 3864 3928 3945 3941 3849 3871 3866 3828 3784 3810 3845 3795 3776 3793 3823 3760 3808 3791 3807 3812 3850 3819 3827 3862 3882 3865 3901 3889
 7246 7487 7320 7252 7494 7559 7329 7520 7881 7834 7677 7897 7999 7859 7908 8032 7895 7902 8110 7944 7847 7921 8048 7744 7717 7891 7920 7645 7653 7847 7680 7634 7747 7625
 3287 3566 4443 4316 3485 3580 4452 4434 3941 4087 4575 4642 4409 4310 4284 4750 5023 4359 4117 4917 5029 4117 4079 4855 4949 4076 3993 4589 4590 4137 4032 4347 4470 4213
 1985 2345 2404 1966 1923 2351 2127 1849 2199 2477 2200 2174 2483 2470 2316 2588 2633 2477 2564 2769 2528 2334 2724 2620 2202 2254 2635 2355 2012 2296 2400 2131 2098 2221
 2197 2391 2117 2010 2350 2308 1899 2095 2439 2229 2017 2395 2507 2250 2288 2575 2453 2425 2610 2586 2330 2503 2648 2275 2239 2560 2467 2083 2248 2518 2160 2034 2360 2286
 2552 2566 2382 2549 2701 2349 2253 2662 2618 2237 2405 2780 2524 2286 2666 2739 2444 2621 2699 2535 2543 2770 2565 2407 2672 2824 2370 2338 2799 2622 2230 2586 2748 2416
 4080 3851 4075 4101 3964 4084 4131 3936 3856 4190 4051 3673 3781 4023 3772 3585 3712 3667 3492 3700 3720 3551 3688 4040 3948 3706 3994 4235 4047 3930 4194 4008 4031 4162
 6607 6704 6712 6519 6508 6692 6440 6437 6873 7272 7042 7216 7688 7705 7733 7927 8162 8021 8244 8350 8224 7975 8230 8145 7811 7697 7817 7665 7424 7591 7360 7013 7149 7236
 10496 10844 10673 10579 10728 10686 10366 10730 11153 11159 11211 11820 12096 12029 12213 12481 12604 12625 12808 12584 12467 12434 12300 11598 11343 11566 11348 11024 10931 11118 10935 10834 10919 10707
 21722 21818 21626 21669 21734 21110 20904 21737 22596 23238 24407 25526 26113 26609 27233 27568 27828 28299 28323 28020 27902 27956 27194 26225 25740 25684 24872 24581 24395 24218 23802 23835 23495 23018
 6936 6863 6849 6787 6721 6771 6750 6882 7045 7372 7457 7632 7800 8028 8050 8073 8206 8294 8283 8160 8187 8136 8029 7853 7706 7605 7652 7510 7424 7344 7428 7276 7149 7124
 5360 5421 5448 5378 5378 5457 5412 5360 5422 5452 5376 5382 5449 5410 5361 5421 5444 5375 5377 5446 5408 5361 5436 5442 5372 5394 5452 5405 5368 5433 5433 5366 5398 5443
 5449 5466 5417 5456 5484 5434 5422 5481 5462 5412 5458 5483 5430 5428 5479 5465 5415 5457 5480 5426 5428 5479 5454 5419 5465 5485 5429 5430 5483 5449 5411 5463 5475 5421
 4376 4370 4399 4447 4448 4386 4427 4426 4486 4495 4562 4553 4589 4583 4611 4522 4532 4544 4481 4449 4463 4460 4409 4442 4432 4472 4423 4467 4455 4424 4417 4443 4405 4407
 11051 11500 10888 10692 11514 11797 11146 10987 11634 12143 11880 11786 12001 12435 12661 12220 11791 12184 12968 12195 11507 12249 12784 11962 11419 11948 12369 11925 11434 11590 11894 11753 11451 11231
 6456 6499 6350 6739 6833 6344 6106 6646 6646 6362 6614 6922 6871 6878 7163 7058 7054 7358 7418 7034 7133 7478 7164 6802 7065 7239 6753 6647 6915 6744 6471 6651 6748 6456
 5130 5037 5172 5457 5163 4826 5155 5238 4893 5010 5363 5233 5114 5448 5604 5336 5443 5692 5569 5375 5651 5660 5289 5421 5583 5336 5096 5451 5386 5004 5100 5383 5146 4925
 4568 4573 4889 4695 4522 4727 4951 4475 4287 4693 4663 4316 4443 4763 4619 4432 4637 4738 4512 4583 4681 4466 4432 4766 4522 4373 4640 4816 4459 4279 4735 4686 4314 4481
 5498 5827 5532 5453 5686 5716 5538 5583 5531 5279 5242 5456 5168 4927 4995 5206 4902 4484 4808 4828 4671 4673 4866 4812 5027 5193 5162 5017 5367 5575 5181 5159 5509 5456
 9594 9736 9403 9525 9635 9530 9465 9615 9340 9136 9683 9871 9664 9676 10216 10300 10009 10117 10359 10358 10351 10337 10257 10209 10409 10376 9877 9888 10294 10057 9671 9767 9649 9523
 11042 10996 11157 11501 11388 11045 11215 11274 11142 11212 11525 11530 11828 12201 12449 12112 12317 12761 12603 12336 12395 12545 12138 11933 11649 11500 11253 11442 11268 10903 11046 11250 10976 10830
 18499 18599 19033 19096 18965 18869 18928 18579 18697 19374 20032 20549 21473 22218 22407 22444 22851 23346 23133 23231 23104 23043 22704 22571 21689 21318 21226 21072 20526 20138 20387 20191 19827 19726
 22954 23345 23250 23418 23259 23069 22769 23552 23675 23641 24055 25171 25802 25879 26465 26801 27099 27101 27375 27342 27309 27030 26990 26415 26051 25791 25346 24861 25005 24794 24253 24075 24336 23937
 8680 8715 8634 8694 8670 8757 8804 8955 9022 9035 9190 9350 9520 9561 9736 9688 9743 9801 9893 9823 9823 9820 9816 9749 9678 9641 9532 9518 9447 9369 9232 9283 9215 9134
 5407 5363 5379 5451 5406 5358 5421 5431 5365 5375 5443 5394 5351 5429 5434 5368 5382 5437 5392 5355 5424 5428 5359 5389 5447 5393 5360 5427 5427 5358 5387 5435 5382 5355
