 -0.9451000000000001 -0.9584
 -0.884228125 -0.9584
 -0.82335625 -0.9584
 -0.7624843750000001 -0.9584
 -0.7016125000000001 -0.9584
 -0.6407406250000001 -0.9584
 -0.57986875 -0.9584
 -0.518996875 -0.9584
 -0.4581250000000001 -0.9584
 -0.3972531250000001 -0.9584
 -0.3363812500000001 -0.9584
 -0.2755093750000001 -0.9584
 -0.2146375 -0.9584
 -0.153765625 -0.9584
 -0.09289375000000011 -0.9584
 -0.03202187500000009 -0.9584
 0.02884999999999993 -0.9584
 0.08972187499999995 -0.9584
 0.1505937499999999 -0.9584
 0.211465625 -0.9584
 0.2723374999999999 -0.9584
 0.333209375 -0.9584
 0.3940812499999999 -0.9584
 0.4549531249999998 -0.9584
 0.515825 -0.9584
 0.5766968749999999 -0.9584
 0.63756875 -0.9584
 0.6984406249999999 -0.9584
 0.7593124999999998 -0.9584
 0.820184375 -0.9584
 0.8810562499999999 -0.9584
 0.941928125 -0.9584
 1.0028 -0.9584
 -0.9451000000000001 -0.897528125
 -0.884228125 -0.897528125
 -0.82335625 -0.897528125
 -0.7624843750000001 -0.897528125
 -0.7016125000000001 -0.897528125
 -0.6407406250000001 -0.897528125
 -0.57986875 -0.897528125
 -0.518996875 -0.897528125
 -0.4581250000000001 -0.897528125
 -0.3972531250000001 -0.897528125
 -0.3363812500000001 -0.897528125
 -0.2755093750000001 -0.897528125
 -0.2146375 -0.897528125
 -0.153765625 -0.897528125
 -0.09289375000000011 -0.897528125
 -0.03202187500000009 -0.897528125
 0.02884999999999993 -0.897528125
 0.08972187499999995 -0.897528125
 0.1505937499999999 -0.897528125
 0.211465625 -0.897528125
 0.2723374999999999 -0.897528125
 0.333209375 -0.897528125
 0.3940812499999999 -0.897528125
 0.4549531249999998 -0.897528125
 0.515825 -0.897528125
 0.5766968749999999 -0.897528125
 0.63756875 -0.897528125
 0.6984406249999999 -0.897528125
 0.7593124999999998 -0.897528125
 0.820184375 -0.897528125
 0.8810562499999999 -0.897528125
 0.941928125 -0.897528125
 1.0028 -0.897528125
 -0.9451000000000001 -0.83665625
 -0.884228125 -0.83665625
 -0.82335625 -0.83665625
 -0.7624843750000001 -0.83665625
 -0.7016125000000001 -0.83665625
 -0.6407406250000001 -0.83665625
 -0.57986875 -0.83665625
 -0.518996875 -0.83665625
 -0.4581250000000001 -0.83665625
 -0.3972531250000001 -0.83665625
 -0.3363812500000001 -0.83665625
 -0.2755093750000001 -0.83665625
 -0.2146375 -0.83665625
 -0.153765625 -0.83665625
 -0.09289375000000011 -0.83665625
 -0.03202187500000009 -0.83665625
 0.02884999999999993 -0.83665625
 0.08972187499999995 -0.83665625
 0.1505937499999999 -0.83665625
 0.211465625 -0.83665625
 0.2723374999999999 -0.83665625
 0.333209375 -0.83665625
 0.3940812499999999 -0.83665625
 0.4549531249999998 -0.83665625
 0.515825 -0.83665625
 0.5766968749999999 -0.83665625
 0.63756875 -0.83665625
 0.6984406249999999 -0.83665625
 0.7593124999999998 -0.83665625
 0.820184375 -0.83665625
 0.8810562499999999 -0.83665625
 0.941928125 -0.83665625
 1.0028 -0.83665625
 -0.9451000000000001 -0.775784375
 -0.884228125 -0.775784375
 -0.82335625 -0.775784375
 -0.7624843750000001 -0.775784375
 -0.7016125000000001 -0.775784375
 -0.6407406250000001 -0.775784375
 -0.57986875 -0.775784375
 -0.518996875 -0.775784375
 -0.4581250000000001 -0.775784375
 -0.3972531250000001 -0.775784375
 -0.3363812500000001 -0.775784375
 -0.2755093750000001 -0.775784375
 -0.2146375 -0.775784375
 -0.153765625 -0.775784375
 -0.09289375000000011 -0.775784375
 -0.03202187500000009 -0.775784375
 0.02884999999999993 -0.775784375
 0.08972187499999995 -0.775784375
 0.1505937499999999 -0.775784375
 0.211465625 -0.775784375
 0.2723374999999999 -0.775784375
 0.333209375 -0.775784375
 0.3940812499999999 -0.775784375
 0.4549531249999998 -0.775784375
 0.515825 -0.775784375
 0.5766968749999999 -0.775784375
 0.63756875 -0.775784375
 0.6984406249999999 -0.775784375
 0.7593124999999998 -0.775784375
 0.820184375 -0.775784375
 0.8810562499999999 -0.775784375
 0.941928125 -0.775784375
 1.0028 -0.775784375
 -0.9451000000000001 -0.7149125000000001
 -0.884228125 -0.7149125000000001
 -0.82335625 -0.7149125000000001
 -0.7624843750000001 -0.7149125000000001
 -0.7016125000000001 -0.7149125000000001
 -0.6407406250000001 -0.7149125000000001
 -0.57986875 -0.7149125000000001
 -0.518996875 -0.7149125000000001
 -0.4581250000000001 -0.7149125000000001
 -0.3972531250000001 -0.7149125000000001
 -0.3363812500000001 -0.7149125000000001
 -0.2755093750000001 -0.7149125000000001
 -0.2146375 -0.7149125000000001
 -0.153765625 -0.7149125000000001
 -0.09289375000000011 -0.7149125000000001
 -0.03202187500000009 -0.7149125000000001
 0.02884999999999993 -0.7149125000000001
 0.08972187499999995 -0.7149125000000001
 0.1505937499999999 -0.7149125000000001
 0.211465625 -0.7149125000000001
 0.2723374999999999 -0.7149125000000001
 0.333209375 -0.7149125000000001
 0.3940812499999999 -0.7149125000000001
 0.4549531249999998 -0.7149125000000001
 0.515825 -0.7149125000000001
 0.5766968749999999 -0.7149125000000001
 0.63756875 -0.7149125000000001
 0.6984406249999999 -0.7149125000000001
 0.7593124999999998 -0.7149125000000001
 0.820184375 -0.7149125000000001
 0.8810562499999999 -0.7149125000000001
 0.941928125 -0.7149125000000001
 1.0028 -0.7149125000000001
 -0.9451000000000001 -0.654040625
 -0.884228125 -0.654040625
 -0.82335625 -0.654040625
 -0.7624843750000001 -0.654040625
 -0.7016125000000001 -0.654040625
 -0.6407406250000001 -0.654040625
 -0.57986875 -0.654040625
 -0.518996875 -0.654040625
 -0.4581250000000001 -0.654040625
 -0.3972531250000001 -0.654040625
 -0.3363812500000001 -0.654040625
 -0.2755093750000001 -0.654040625
 -0.2146375 -0.654040625
 -0.153765625 -0.654040625
 -0.09289375000000011 -0.654040625
 -0.03202187500000009 -0.654040625
 0.02884999999999993 -0.654040625
 0.08972187499999995 -0.654040625
 0.1505937499999999 -0.654040625
 0.211465625 -0.654040625
 0.2723374999999999 -0.654040625
 0.333209375 -0.654040625
 0.3940812499999999 -0.654040625
 0.4549531249999998 -0.654040625
 0.515825 -0.654040625
 0.5766968749999999 -0.654040625
 0.63756875 -0.654040625
 0.6984406249999999 -0.654040625
 0.7593124999999998 -0.654040625
 0.820184375 -0.654040625
 0.8810562499999999 -0.654040625
 0.941928125 -0.654040625
 1.0028 -0.654040625
 -0.9451000000000001 -0.59316875
 -0.884228125 -0.59316875
 -0.82335625 -0.59316875
 -0.7624843750000001 -0.59316875
 -0.7016125000000001 -0.59316875
 -0.6407406250000001 -0.59316875
 -0.57986875 -0.59316875
 -0.518996875 -0.59316875
 -0.4581250000000001 -0.59316875
 -0.3972531250000001 -0.59316875
 -0.3363812500000001 -0.59316875
 -0.2755093750000001 -0.59316875
 -0.2146375 -0.59316875
 -0.153765625 -0.59316875
 -0.09289375000000011 -0.59316875
 -0.03202187500000009 -0.59316875
 0.02884999999999993 -0.59316875
 0.08972187499999995 -0.59316875
 0.1505937499999999 -0.59316875
 0.211465625 -0.59316875
 0.2723374999999999 -0.59316875
 0.333209375 -0.59316875
 0.3940812499999999 -0.59316875
 0.4549531249999998 -0.59316875
 0.515825 -0.59316875
 0.5766968749999999 -0.59316875
 0.63756875 -0.59316875
 0.6984406249999999 -0.59316875
 0.7593124999999998 -0.59316875
 0.820184375 -0.59316875
 0.8810562499999999 -0.59316875
 0.941928125 -0.59316875
 1.0028 -0.59316875
 -0.9451000000000001 -0.5322968750000001
 -0.884228125 -0.5322968750000001
 -0.82335625 -0.5322968750000001
 -0.7624843750000001 -0.5322968750000001
 -0.7016125000000001 -0.5322968750000001
 -0.6407406250000001 -0.5322968750000001
 -0.57986875 -0.5322968750000001
 -0.518996875 -0.5322968750000001
 -0.4581250000000001 -0.5322968750000001
 -0.3972531250000001 -0.5322968750000001
 -0.3363812500000001 -0.5322968750000001
 -0.2755093750000001 -0.5322968750000001
 -0.2146375 -0.5322968750000001
 -0.153765625 -0.5322968750000001
 -0.09289375000000011 -0.5322968750000001
 -0.03202187500000009 -0.5322968750000001
 0.02884999999999993 -0.5322968750000001
 0.08972187499999995 -0.5322968750000001
 0.1505937499999999 -0.5322968750000001
 0.211465625 -0.5322968750000001
 0.2723374999999999 -0.5322968750000001
 0.333209375 -0.5322968750000001
 0.3940812499999999 -0.5322968750000001
 0.4549531249999998 -0.5322968750000001
 0.515825 -0.5322968750000001
 0.5766968749999999 -0.5322968750000001
 0.63756875 -0.5322968750000001
 0.6984406249999999 -0.5322968750000001
 0.7593124999999998 -0.5322968750000001
 0.820184375 -0.5322968750000001
 0.8810562499999999 -0.5322968750000001
 0.941928125 -0.5322968750000001
 1.0028 -0.5322968750000001
 -0.9451000000000001 -0.471425
 -0.884228125 -0.471425
 -0.82335625 -0.471425
 -0.7624843750000001 -0.471425
 -0.7016125000000001 -0.471425
 -0.6407406250000001 -0.471425
 -0.57986875 -0.471425
 -0.518996875 -0.471425
 -0.4581250000000001 -0.471425
 -0.3972531250000001 -0.471425
 -0.3363812500000001 -0.471425
 -0.2755093750000001 -0.471425
 -0.2146375 -0.471425
 -0.153765625 -0.471425
 -0.09289375000000011 -0.471425
 -0.03202187500000009 -0.471425
 0.02884999999999993 -0.471425
 0.08972187499999995 -0.471425
 0.1505937499999999 -0.471425
 0.211465625 -0.471425
 0.2723374999999999 -0.471425
 0.333209375 -0.471425
 0.3940812499999999 -0.471425
 0.4549531249999998 -0.471425
 0.515825 -0.471425
 0.5766968749999999 -0.471425
 0.63756875 -0.471425
 0.6984406249999999 -0.471425
 0.7593124999999998 -0.471425
 0.820184375 -0.471425
 0.8810562499999999 -0.471425
 0.941928125 -0.471425
 1.0028 -0.471425
 -0.9451000000000001 -0.4105531250000001
 -0.884228125 -0.4105531250000001
 -0.82335625 -0.4105531250000001
 -0.7624843750000001 -0.4105531250000001
 -0.7016125000000001 -0.4105531250000001
 -0.6407406250000001 -0.4105531250000001
 -0.57986875 -0.4105531250000001
 -0.518996875 -0.4105531250000001
 -0.4581250000000001 -0.4105531250000001
 -0.3972531250000001 -0.4105531250000001
 -0.3363812500000001 -0.4105531250000001
 -0.2755093750000001 -0.4105531250000001
 -0.2146375 -0.4105531250000001
 -0.153765625 -0.4105531250000001
 -0.09289375000000011 -0.4105531250000001
 -0.03202187500000009 -0.4105531250000001
 0.02884999999999993 -0.4105531250000001
 0.08972187499999995 -0.4105531250000001
 0.1505937499999999 -0.4105531250000001
 0.211465625 -0.4105531250000001
 0.2723374999999999 -0.4105531250000001
 0.333209375 -0.4105531250000001
 0.3940812499999999 -0.4105531250000001
 0.4549531249999998 -0.4105531250000001
 0.515825 -0.4105531250000001
 0.5766968749999999 -0.4105531250000001
 0.63756875 -0.4105531250000001
 0.6984406249999999 -0.4105531250000001
 0.7593124999999998 -0.4105531250000001
 0.820184375 -0.4105531250000001
 0.8810562499999999 -0.4105531250000001
 0.941928125 -0.4105531250000001
 1.0028 -0.4105531250000001
 -0.9451000000000001 -0.3496812500000001
 -0.884228125 -0.3496812500000001
 -0.82335625 -0.3496812500000001
 -0.7624843750000001 -0.3496812500000001
 -0.7016125000000001 -0.3496812500000001
 -0.6407406250000001 -0.3496812500000001
 -0.57986875 -0.3496812500000001
 -0.518996875 -0.3496812500000001
 -0.4581250000000001 -0.3496812500000001
 -0.3972531250000001 -0.3496812500000001
 -0.3363812500000001 -0.3496812500000001
 -0.2755093750000001 -0.3496812500000001
 -0.2146375 -0.3496812500000001
 -0.153765625 -0.3496812500000001
 -0.09289375000000011 -0.3496812500000001
 -0.03202187500000009 -0.3496812500000001
 0.02884999999999993 -0.3496812500000001
 0.08972187499999995 -0.3496812500000001
 0.1505937499999999 -0.3496812500000001
 0.211465625 -0.3496812500000001
 0.2723374999999999 -0.3496812500000001
 0.333209375 -0.3496812500000001
 0.3940812499999999 -0.3496812500000001
 0.4549531249999998 -0.3496812500000001
 0.515825 -0.3496812500000001
 0.5766968749999999 -0.3496812500000001
 0.63756875 -0.3496812500000001
 0.6984406249999999 -0.3496812500000001
 0.7593124999999998 -0.3496812500000001
 0.820184375 -0.3496812500000001
 0.8810562499999999 -0.3496812500000001
 0.941928125 -0.3496812500000001
 1.0028 -0.3496812500000001
 -0.9451000000000001 -0.288809375
 -0.884228125 -0.288809375
 -0.82335625 -0.288809375
 -0.7624843750000001 -0.288809375
 -0.7016125000000001 -0.288809375
 -0.6407406250000001 -0.288809375
 -0.57986875 -0.288809375
 -0.518996875 -0.288809375
 -0.4581250000000001 -0.288809375
 -0.3972531250000001 -0.288809375
 -0.3363812500000001 -0.288809375
 -0.2755093750000001 -0.288809375
 -0.2146375 -0.288809375
 -0.153765625 -0.288809375
 -0.09289375000000011 -0.288809375
 -0.03202187500000009 -0.288809375
 0.02884999999999993 -0.288809375
 0.08972187499999995 -0.288809375
 0.1505937499999999 -0.288809375
 0.211465625 -0.288809375
 0.2723374999999999 -0.288809375
 0.333209375 -0.288809375
 0.3940812499999999 -0.288809375
 0.4549531249999998 -0.288809375
 0.515825 -0.288809375
 0.5766968749999999 -0.288809375
 0.63756875 -0.288809375
 0.6984406249999999 -0.288809375
 0.7593124999999998 -0.288809375
 0.820184375 -0.288809375
 0.8810562499999999 -0.288809375
 0.941928125 -0.288809375
 1.0028 -0.288809375
 -0.9451000000000001 -0.2279375
 -0.884228125 -0.2279375
 -0.82335625 -0.2279375
 -0.7624843750000001 -0.2279375
 -0.7016125000000001 -0.2279375
 -0.6407406250000001 -0.2279375
 -0.57986875 -0.2279375
 -0.518996875 -0.2279375
 -0.4581250000000001 -0.2279375
 -0.3972531250000001 -0.2279375
 -0.3363812500000001 -0.2279375
 -0.2755093750000001 -0.2279375
 -0.2146375 -0.2279375
 -0.153765625 -0.2279375
 -0.09289375000000011 -0.2279375
 -0.03202187500000009 -0.2279375
 0.02884999999999993 -0.2279375
 0.08972187499999995 -0.2279375
 0.1505937499999999 -0.2279375
 0.211465625 -0.2279375
 0.2723374999999999 -0.2279375
 0.333209375 -0.2279375
 0.3940812499999999 -0.2279375
 0.4549531249999998 -0.2279375
 0.515825 -0.2279375
 0.5766968749999999 -0.2279375
 0.63756875 -0.2279375
 0.6984406249999999 -0.2279375
 0.7593124999999998 -0.2279375
 0.820184375 -0.2279375
 0.8810562499999999 -0.2279375
 0.941928125 -0.2279375
 1.0028 -0.2279375
 -0.9451000000000001 -0.167065625
 -0.884228125 -0.167065625
 -0.82335625 -0.167065625
 -0.7624843750000001 -0.167065625
 -0.7016125000000001 -0.167065625
 -0.6407406250000001 -0.167065625
 -0.57986875 -0.167065625
 -0.518996875 -0.167065625
 -0.4581250000000001 -0.167065625
 -0.3972531250000001 -0.167065625
 -0.3363812500000001 -0.167065625
 -0.2755093750000001 -0.167065625
 -0.2146375 -0.167065625
 -0.153765625 -0.167065625
 -0.09289375000000011 -0.167065625
 -0.03202187500000009 -0.167065625
 0.02884999999999993 -0.167065625
 0.08972187499999995 -0.167065625
 0.1505937499999999 -0.167065625
 0.211465625 -0.167065625
 0.2723374999999999 -0.167065625
 0.333209375 -0.167065625
 0.3940812499999999 -0.167065625
 0.4549531249999998 -0.167065625
 0.515825 -0.167065625
 0.5766968749999999 -0.167065625
 0.63756875 -0.167065625
 0.6984406249999999 -0.167065625
 0.7593124999999998 -0.167065625
 0.820184375 -0.167065625
 0.8810562499999999 -0.167065625
 0.941928125 -0.167065625
 1.0028 -0.167065625
 -0.9451000000000001 -0.1061937500000001
 -0.884228125 -0.1061937500000001
 -0.82335625 -0.1061937500000001
 -0.7624843750000001 -0.1061937500000001
 -0.7016125000000001 -0.1061937500000001
 -0.6407406250000001 -0.1061937500000001
 -0.57986875 -0.1061937500000001
 -0.518996875 -0.1061937500000001
 -0.4581250000000001 -0.1061937500000001
 -0.3972531250000001 -0.1061937500000001
 -0.3363812500000001 -0.1061937500000001
 -0.2755093750000001 -0.1061937500000001
 -0.2146375 -0.1061937500000001
 -0.153765625 -0.1061937500000001
 -0.09289375000000011 -0.1061937500000001
 -0.03202187500000009 -0.1061937500000001
 0.02884999999999993 -0.1061937500000001
 0.08972187499999995 -0.1061937500000001
 0.1505937499999999 -0.1061937500000001
 0.211465625 -0.1061937500000001
 0.2723374999999999 -0.1061937500000001
 0.333209375 -0.1061937500000001
 0.3940812499999999 -0.1061937500000001
 0.4549531249999998 -0.1061937500000001
 0.515825 -0.1061937500000001
 0.5766968749999999 -0.1061937500000001
 0.63756875 -0.1061937500000001
 0.6984406249999999 -0.1061937500000001
 0.7593124999999998 -0.1061937500000001
 0.820184375 -0.1061937500000001
 0.8810562499999999 -0.1061937500000001
 0.941928125 -0.1061937500000001
 1.0028 -0.1061937500000001
 -0.9451000000000001 -0.04532187500000007
 -0.884228125 -0.04532187500000007
 -0.82335625 -0.04532187500000007
 -0.7624843750000001 -0.04532187500000007
 -0.7016125000000001 -0.04532187500000007
 -0.6407406250000001 -0.04532187500000007
 -0.57986875 -0.04532187500000007
 -0.518996875 -0.04532187500000007
 -0.4581250000000001 -0.04532187500000007
 -0.3972531250000001 -0.04532187500000007
 -0.3363812500000001 -0.04532187500000007
 -0.2755093750000001 -0.04532187500000007
 -0.2146375 -0.04532187500000007
 -0.153765625 -0.04532187500000007
 -0.09289375000000011 -0.04532187500000007
 -0.03202187500000009 -0.04532187500000007
 0.02884999999999993 -0.04532187500000007
 0.08972187499999995 -0.04532187500000007
 0.1505937499999999 -0.04532187500000007
 0.211465625 -0.04532187500000007
 0.2723374999999999 -0.04532187500000007
 0.333209375 -0.04532187500000007
 0.3940812499999999 -0.04532187500000007
 0.4549531249999998 -0.04532187500000007
 0.515825 -0.04532187500000007
 0.5766968749999999 -0.04532187500000007
 0.63756875 -0.04532187500000007
 0.6984406249999999 -0.04532187500000007
 0.7593124999999998 -0.04532187500000007
 0.820184375 -0.04532187500000007
 0.8810562499999999 -0.04532187500000007
 0.941928125 -0.04532187500000007
 1.0028 -0.04532187500000007
 -0.9451000000000001 0.01554999999999995
 -0.884228125 0.01554999999999995
 -0.82335625 0.01554999999999995
 -0.7624843750000001 0.01554999999999995
 -0.7016125000000001 0.01554999999999995
 -0.6407406250000001 0.01554999999999995
 -0.57986875 0.01554999999999995
 -0.518996875 0.01554999999999995
 -0.4581250000000001 0.01554999999999995
 -0.3972531250000001 0.01554999999999995
 -0.3363812500000001 0.01554999999999995
 -0.2755093750000001 0.01554999999999995
 -0.2146375 0.01554999999999995
 -0.153765625 0.01554999999999995
 -0.09289375000000011 0.01554999999999995
 -0.03202187500000009 0.01554999999999995
 0.02884999999999993 0.01554999999999995
 0.08972187499999995 0.01554999999999995
 0.1505937499999999 0.01554999999999995
 0.211465625 0.01554999999999995
 0.2723374999999999 0.01554999999999995
 0.333209375 0.01554999999999995
 0.3940812499999999 0.01554999999999995
 0.4549531249999998 0.01554999999999995
 0.515825 0.01554999999999995
 0.5766968749999999 0.01554999999999995
 0.63756875 0.01554999999999995
 0.6984406249999999 0.01554999999999995
 0.7593124999999998 0.01554999999999995
 0.820184375 0.01554999999999995
 0.8810562499999999 0.01554999999999995
 0.941928125 0.01554999999999995
 1.0028 0.01554999999999995
 -0.9451000000000001 0.07642187499999997
 -0.884228125 0.07642187499999997
 -0.82335625 0.07642187499999997
 -0.7624843750000001 0.07642187499999997
 -0.7016125000000001 0.07642187499999997
 -0.6407406250000001 0.07642187499999997
 -0.57986875 0.07642187499999997
 -0.518996875 0.07642187499999997
 -0.4581250000000001 0.07642187499999997
 -0.3972531250000001 0.07642187499999997
 -0.3363812500000001 0.07642187499999997
 -0.2755093750000001 0.07642187499999997
 -0.2146375 0.07642187499999997
 -0.153765625 0.07642187499999997
 -0.09289375000000011 0.07642187499999997
 -0.03202187500000009 0.07642187499999997
 0.02884999999999993 0.07642187499999997
 0.08972187499999995 0.07642187499999997
 0.1505937499999999 0.07642187499999997
 0.211465625 0.07642187499999997
 0.2723374999999999 0.07642187499999997
 0.333209375 0.07642187499999997
 0.3940812499999999 0.07642187499999997
 0.4549531249999998 0.07642187499999997
 0.515825 0.07642187499999997
 0.5766968749999999 0.07642187499999997
 0.63756875 0.07642187499999997
 0.6984406249999999 0.07642187499999997
 0.7593124999999998 0.07642187499999997
 0.820184375 0.07642187499999997
 0.8810562499999999 0.07642187499999997
 0.941928125 0.07642187499999997
 1.0028 0.07642187499999997
 -0.9451000000000001 0.1372937499999999
 -0.884228125 0.1372937499999999
 -0.82335625 0.1372937499999999
 -0.7624843750000001 0.1372937499999999
 -0.7016125000000001 0.1372937499999999
 -0.6407406250000001 0.1372937499999999
 -0.57986875 0.1372937499999999
 -0.518996875 0.1372937499999999
 -0.4581250000000001 0.1372937499999999
 -0.3972531250000001 0.1372937499999999
 -0.3363812500000001 0.1372937499999999
 -0.2755093750000001 0.1372937499999999
 -0.2146375 0.1372937499999999
 -0.153765625 0.1372937499999999
 -0.09289375000000011 0.1372937499999999
 -0.03202187500000009 0.1372937499999999
 0.02884999999999993 0.1372937499999999
 0.08972187499999995 0.1372937499999999
 0.1505937499999999 0.1372937499999999
 0.211465625 0.1372937499999999
 0.2723374999999999 0.1372937499999999
 0.333209375 0.1372937499999999
 0.3940812499999999 0.1372937499999999
 0.4549531249999998 0.1372937499999999
 0.515825 0.1372937499999999
 0.5766968749999999 0.1372937499999999
 0.63756875 0.1372937499999999
 0.6984406249999999 0.1372937499999999
 0.7593124999999998 0.1372937499999999
 0.820184375 0.1372937499999999
 0.8810562499999999 0.1372937499999999
 0.941928125 0.1372937499999999
 1.0028 0.1372937499999999
 -0.9451000000000001 0.198165625
 -0.884228125 0.198165625
 -0.82335625 0.198165625
 -0.7624843750000001 0.198165625
 -0.7016125000000001 0.198165625
 -0.6407406250000001 0.198165625
 -0.57986875 0.198165625
 -0.518996875 0.198165625
 -0.4581250000000001 0.198165625
 -0.3972531250000001 0.198165625
 -0.3363812500000001 0.198165625
 -0.2755093750000001 0.198165625
 -0.2146375 0.198165625
 -0.153765625 0.198165625
 -0.09289375000000011 0.198165625
 -0.03202187500000009 0.198165625
 0.02884999999999993 0.198165625
 0.08972187499999995 0.198165625
 0.1505937499999999 0.198165625
 0.211465625 0.198165625
 0.2723374999999999 0.198165625
 0.333209375 0.198165625
 0.3940812499999999 0.198165625
 0.4549531249999998 0.198165625
 0.515825 0.198165625
 0.5766968749999999 0.198165625
 0.63756875 0.198165625
 0.6984406249999999 0.198165625
 0.7593124999999998 0.198165625
 0.820184375 0.198165625
 0.8810562499999999 0.198165625
 0.941928125 0.198165625
 1.0028 0.198165625
 -0.9451000000000001 0.2590374999999999
 -0.884228125 0.2590374999999999
 -0.82335625 0.2590374999999999
 -0.7624843750000001 0.2590374999999999
 -0.7016125000000001 0.2590374999999999
 -0.6407406250000001 0.2590374999999999
 -0.57986875 0.2590374999999999
 -0.518996875 0.2590374999999999
 -0.4581250000000001 0.2590374999999999
 -0.3972531250000001 0.2590374999999999
 -0.3363812500000001 0.2590374999999999
 -0.2755093750000001 0.2590374999999999
 -0.2146375 0.2590374999999999
 -0.153765625 0.2590374999999999
 -0.09289375000000011 0.2590374999999999
 -0.03202187500000009 0.2590374999999999
 0.02884999999999993 0.2590374999999999
 0.08972187499999995 0.2590374999999999
 0.1505937499999999 0.2590374999999999
 0.211465625 0.2590374999999999
 0.2723374999999999 0.2590374999999999
 0.333209375 0.2590374999999999
 0.3940812499999999 0.2590374999999999
 0.4549531249999998 0.2590374999999999
 0.515825 0.2590374999999999
 0.5766968749999999 0.2590374999999999
 0.63756875 0.2590374999999999
 0.6984406249999999 0.2590374999999999
 0.7593124999999998 0.2590374999999999
 0.820184375 0.2590374999999999
 0.8810562499999999 0.2590374999999999
 0.941928125 0.2590374999999999
 1.0028 0.2590374999999999
 -0.9451000000000001 0.3199093750000001
 -0.884228125 0.3199093750000001
 -0.82335625 0.3199093750000001
 -0.7624843750000001 0.3199093750000001
 -0.7016125000000001 0.3199093750000001
 -0.6407406250000001 0.3199093750000001
 -0.57986875 0.3199093750000001
 -0.518996875 0.3199093750000001
 -0.4581250000000001 0.3199093750000001
 -0.3972531250000001 0.3199093750000001
 -0.3363812500000001 0.3199093750000001
 -0.2755093750000001 0.3199093750000001
 -0.2146375 0.3199093750000001
 -0.153765625 0.3199093750000001
 -0.09289375000000011 0.3199093750000001
 -0.03202187500000009 0.3199093750000001
 0.02884999999999993 0.3199093750000001
 0.08972187499999995 0.3199093750000001
 0.1505937499999999 0.3199093750000001
 0.211465625 0.3199093750000001
 0.2723374999999999 0.3199093750000001
 0.333209375 0.3199093750000001
 0.3940812499999999 0.3199093750000001
 0.4549531249999998 0.3199093750000001
 0.515825 0.3199093750000001
 0.5766968749999999 0.3199093750000001
 0.63756875 0.3199093750000001
 0.6984406249999999 0.3199093750000001
 0.7593124999999998 0.3199093750000001
 0.820184375 0.3199093750000001
 0.8810562499999999 0.3199093750000001
 0.941928125 0.3199093750000001
 1.0028 0.3199093750000001
 -0.9451000000000001 0.38078125
 -0.884228125 0.38078125
 -0.82335625 0.38078125
 -0.7624843750000001 0.38078125
 -0.7016125000000001 0.38078125
 -0.6407406250000001 0.38078125
 -0.57986875 0.38078125
 -0.518996875 0.38078125
 -0.4581250000000001 0.38078125
 -0.3972531250000001 0.38078125
 -0.3363812500000001 0.38078125
 -0.2755093750000001 0.38078125
 -0.2146375 0.38078125
 -0.153765625 0.38078125
 -0.09289375000000011 0.38078125
 -0.03202187500000009 0.38078125
 0.02884999999999993 0.38078125
 0.08972187499999995 0.38078125
 0.1505937499999999 0.38078125
 0.211465625 0.38078125
 0.2723374999999999 0.38078125
 0.333209375 0.38078125
 0.3940812499999999 0.38078125
 0.4549531249999998 0.38078125
 0.515825 0.38078125
 0.5766968749999999 0.38078125
 0.63756875 0.38078125
 0.6984406249999999 0.38078125
 0.7593124999999998 0.38078125
 0.820184375 0.38078125
 0.8810562499999999 0.38078125
 0.941928125 0.38078125
 1.0028 0.38078125
 -0.9451000000000001 0.4416531249999999
 -0.884228125 0.4416531249999999
 -0.82335625 0.4416531249999999
 -0.7624843750000001 0.4416531249999999
 -0.7016125000000001 0.4416531249999999
 -0.6407406250000001 0.4416531249999999
 -0.57986875 0.4416531249999999
 -0.518996875 0.4416531249999999
 -0.4581250000000001 0.4416531249999999
 -0.3972531250000001 0.4416531249999999
 -0.3363812500000001 0.4416531249999999
 -0.2755093750000001 0.4416531249999999
 -0.2146375 0.4416531249999999
 -0.153765625 0.4416531249999999
 -0.09289375000000011 0.4416531249999999
 -0.03202187500000009 0.4416531249999999
 0.02884999999999993 0.4416531249999999
 0.08972187499999995 0.4416531249999999
 0.1505937499999999 0.4416531249999999
 0.211465625 0.4416531249999999
 0.2723374999999999 0.4416531249999999
 0.333209375 0.4416531249999999
 0.3940812499999999 0.4416531249999999
 0.4549531249999998 0.4416531249999999
 0.515825 0.4416531249999999
 0.5766968749999999 0.4416531249999999
 0.63756875 0.4416531249999999
 0.6984406249999999 0.4416531249999999
 0.7593124999999998 0.4416531249999999
 0.820184375 0.4416531249999999
 0.8810562499999999 0.4416531249999999
 0.941928125 0.4416531249999999
 1.0028 0.4416531249999999
 -0.9451000000000001 0.502525
 -0.884228125 0.502525
 -0.82335625 0.502525
 -0.7624843750000001 0.502525
 -0.7016125000000001 0.502525
 -0.6407406250000001 0.502525
 -0.57986875 0.502525
 -0.518996875 0.502525
 -0.4581250000000001 0.502525
 -0.3972531250000001 0.502525
 -0.3363812500000001 0.502525
 -0.2755093750000001 0.502525
 -0.2146375 0.502525
 -0.153765625 0.502525
 -0.09289375000000011 0.502525
 -0.03202187500000009 0.502525
 0.02884999999999993 0.502525
 0.08972187499999995 0.502525
 0.1505937499999999 0.502525
 0.211465625 0.502525
 0.2723374999999999 0.502525
 0.333209375 0.502525
 0.3940812499999999 0.502525
 0.4549531249999998 0.502525
 0.515825 0.502525
 0.5766968749999999 0.502525
 0.63756875 0.502525
 0.6984406249999999 0.502525
 0.7593124999999998 0.502525
 0.820184375 0.502525
 0.8810562499999999 0.502525
 0.941928125 0.502525
 1.0028 0.502525
 -0.9451000000000001 0.5633968749999999
 -0.884228125 0.5633968749999999
 -0.82335625 0.5633968749999999
 -0.7624843750000001 0.5633968749999999
 -0.7016125000000001 0.5633968749999999
 -0.6407406250000001 0.5633968749999999
 -0.57986875 0.5633968749999999
 -0.518996875 0.5633968749999999
 -0.4581250000000001 0.5633968749999999
 -0.3972531250000001 0.5633968749999999
 -0.3363812500000001 0.5633968749999999
 -0.2755093750000001 0.5633968749999999
 -0.2146375 0.5633968749999999
 -0.153765625 0.5633968749999999
 -0.09289375000000011 0.5633968749999999
 -0.03202187500000009 0.5633968749999999
 0.02884999999999993 0.5633968749999999
 0.08972187499999995 0.5633968749999999
 0.1505937499999999 0.5633968749999999
 0.211465625 0.5633968749999999
 0.2723374999999999 0.5633968749999999
 0.333209375 0.5633968749999999
 0.3940812499999999 0.5633968749999999
 0.4549531249999998 0.5633968749999999
 0.515825 0.5633968749999999
 0.5766968749999999 0.5633968749999999
 0.63756875 0.5633968749999999
 0.6984406249999999 0.5633968749999999
 0.7593124999999998 0.5633968749999999
 0.820184375 0.5633968749999999
 0.8810562499999999 0.5633968749999999
 0.941928125 0.5633968749999999
 1.0028 0.5633968749999999
 -0.9451000000000001 0.62426875
 -0.884228125 0.62426875
 -0.82335625 0.62426875
 -0.7624843750000001 0.62426875
 -0.7016125000000001 0.62426875
 -0.6407406250000001 0.62426875
 -0.57986875 0.62426875
 -0.518996875 0.62426875
 -0.4581250000000001 0.62426875
 -0.3972531250000001 0.62426875
 -0.3363812500000001 0.62426875
 -0.2755093750000001 0.62426875
 -0.2146375 0.62426875
 -0.153765625 0.62426875
 -0.09289375000000011 0.62426875
 -0.03202187500000009 0.62426875
 0.02884999999999993 0.62426875
 0.08972187499999995 0.62426875
 0.1505937499999999 0.62426875
 0.211465625 0.62426875
 0.2723374999999999 0.62426875
 0.333209375 0.62426875
 0.3940812499999999 0.62426875
 0.4549531249999998 0.62426875
 0.515825 0.62426875
 0.5766968749999999 0.62426875
 0.63756875 0.62426875
 0.6984406249999999 0.62426875
 0.7593124999999998 0.62426875
 0.820184375 0.62426875
 0.8810562499999999 0.62426875
 0.941928125 0.62426875
 1.0028 0.62426875
 -0.9451000000000001 0.6851406249999999
 -0.884228125 0.6851406249999999
 -0.82335625 0.6851406249999999
 -0.7624843750000001 0.6851406249999999
 -0.7016125000000001 0.6851406249999999
 -0.6407406250000001 0.6851406249999999
 -0.57986875 0.6851406249999999
 -0.518996875 0.6851406249999999
 -0.4581250000000001 0.6851406249999999
 -0.3972531250000001 0.6851406249999999
 -0.3363812500000001 0.6851406249999999
 -0.2755093750000001 0.6851406249999999
 -0.2146375 0.6851406249999999
 -0.153765625 0.6851406249999999
 -0.09289375000000011 0.6851406249999999
 -0.03202187500000009 0.6851406249999999
 0.02884999999999993 0.6851406249999999
 0.08972187499999995 0.6851406249999999
 0.1505937499999999 0.6851406249999999
 0.211465625 0.6851406249999999
 0.2723374999999999 0.6851406249999999
 0.333209375 0.6851406249999999
 0.3940812499999999 0.6851406249999999
 0.4549531249999998 0.6851406249999999
 0.515825 0.6851406249999999
 0.5766968749999999 0.6851406249999999
 0.63756875 0.6851406249999999
 0.6984406249999999 0.6851406249999999
 0.7593124999999998 0.6851406249999999
 0.820184375 0.6851406249999999
 0.8810562499999999 0.6851406249999999
 0.941928125 0.6851406249999999
 1.0028 0.6851406249999999
 -0.9451000000000001 0.7460124999999999
 -0.884228125 0.7460124999999999
 -0.82335625 0.7460124999999999
 -0.7624843750000001 0.7460124999999999
 -0.7016125000000001 0.7460124999999999
 -0.6407406250000001 0.7460124999999999
 -0.57986875 0.7460124999999999
 -0.518996875 0.7460124999999999
 -0.4581250000000001 0.7460124999999999
 -0.3972531250000001 0.7460124999999999
 -0.3363812500000001 0.7460124999999999
 -0.2755093750000001 0.7460124999999999
 -0.2146375 0.7460124999999999
 -0.153765625 0.7460124999999999
 -0.09289375000000011 0.7460124999999999
 -0.03202187500000009 0.7460124999999999
 0.02884999999999993 0.7460124999999999
 0.08972187499999995 0.7460124999999999
 0.1505937499999999 0.7460124999999999
 0.211465625 0.7460124999999999
 0.2723374999999999 0.7460124999999999
 0.333209375 0.7460124999999999
 0.3940812499999999 0.7460124999999999
 0.4549531249999998 0.7460124999999999
 0.515825 0.7460124999999999
 0.5766968749999999 0.7460124999999999
 0.63756875 0.7460124999999999
 0.6984406249999999 0.7460124999999999
 0.7593124999999998 0.7460124999999999
 0.820184375 0.7460124999999999
 0.8810562499999999 0.7460124999999999
 0.941928125 0.7460124999999999
 1.0028 0.7460124999999999
 -0.9451000000000001 0.806884375
 -0.884228125 0.806884375
 -0.82335625 0.806884375
 -0.7624843750000001 0.806884375
 -0.7016125000000001 0.806884375
 -0.6407406250000001 0.806884375
 -0.57986875 0.806884375
 -0.518996875 0.806884375
 -0.4581250000000001 0.806884375
 -0.3972531250000001 0.806884375
 -0.3363812500000001 0.806884375
 -0.2755093750000001 0.806884375
 -0.2146375 0.806884375
 -0.153765625 0.806884375
 -0.09289375000000011 0.806884375
 -0.03202187500000009 0.806884375
 0.02884999999999993 0.806884375
 0.08972187499999995 0.806884375
 0.1505937499999999 0.806884375
 0.211465625 0.806884375
 0.2723374999999999 0.806884375
 0.333209375 0.806884375
 0.3940812499999999 0.806884375
 0.4549531249999998 0.806884375
 0.515825 0.806884375
 0.5766968749999999 0.806884375
 0.63756875 0.806884375
 0.6984406249999999 0.806884375
 0.7593124999999998 0.806884375
 0.820184375 0.806884375
 0.8810562499999999 0.806884375
 0.941928125 0.806884375
 1.0028 0.806884375
 -0.9451000000000001 0.8677562499999999
 -0.884228125 0.8677562499999999
 -0.82335625 0.8677562499999999
 -0.7624843750000001 0.8677562499999999
 -0.7016125000000001 0.8677562499999999
 -0.6407406250000001 0.8677562499999999
 -0.57986875 0.8677562499999999
 -0.518996875 0.8677562499999999
 -0.4581250000000001 0.8677562499999999
 -0.3972531250000001 0.8677562499999999
 -0.3363812500000001 0.8677562499999999
 -0.2755093750000001 0.8677562499999999
 -0.2146375 0.8677562499999999
 -0.153765625 0.8677562499999999
 -0.09289375000000011 0.8677562499999999
 -0.03202187500000009 0.8677562499999999
 0.02884999999999993 0.8677562499999999
 0.08972187499999995 0.8677562499999999
 0.1505937499999999 0.8677562499999999
 0.211465625 0.8677562499999999
 0.2723374999999999 0.8677562499999999
 0.333209375 0.8677562499999999
 0.3940812499999999 0.8677562499999999
 0.4549531249999998 0.8677562499999999
 0.515825 0.8677562499999999
 0.5766968749999999 0.8677562499999999
 0.63756875 0.8677562499999999
 0.6984406249999999 0.8677562499999999
 0.7593124999999998 0.8677562499999999
 0.820184375 0.8677562499999999
 0.8810562499999999 0.8677562499999999
 0.941928125 0.8677562499999999
 1.0028 0.8677562499999999
 -0.9451000000000001 0.928628125
 -0.884228125 0.928628125
 -0.82335625 0.928628125
 -0.7624843750000001 0.928628125
 -0.7016125000000001 0.928628125
 -0.6407406250000001 0.928628125
 -0.57986875 0.928628125
 -0.518996875 0.928628125
 -0.4581250000000001 0.928628125
 -0.3972531250000001 0.928628125
 -0.3363812500000001 0.928628125
 -0.2755093750000001 0.928628125
 -0.2146375 0.928628125
 -0.153765625 0.928628125
 -0.09289375000000011 0.928628125
 -0.03202187500000009 0.928628125
 0.02884999999999993 0.928628125
 0.08972187499999995 0.928628125
 0.1505937499999999 0.928628125
 0.211465625 0.928628125
 0.2723374999999999 0.928628125
 0.333209375 0.928628125
 0.3940812499999999 0.928628125
 0.4549531249999998 0.928628125
 0.515825 0.928628125
 0.5766968749999999 0.928628125
 0.63756875 0.928628125
 0.6984406249999999 0.928628125
 0.7593124999999998 0.928628125
 0.820184375 0.928628125
 0.8810562499999999 0.928628125
 0.941928125 0.928628125
 1.0028 0.928628125
 -0.9451000000000001 0.9894999999999999
 -0.884228125 0.9894999999999999
 -0.82335625 0.9894999999999999
 -0.7624843750000001 0.9894999999999999
 -0.7016125000000001 0.9894999999999999
 -0.6407406250000001 0.9894999999999999
 -0.57986875 0.9894999999999999
 -0.518996875 0.9894999999999999
 -0.4581250000000001 0.9894999999999999
 -0.3972531250000001 0.9894999999999999
 -0.3363812500000001 0.9894999999999999
 -0.2755093750000001 0.9894999999999999
 -0.2146375 0.9894999999999999
 -0.153765625 0.9894999999999999
 -0.09289375000000011 0.9894999999999999
 -0.03202187500000009 0.9894999999999999
 0.02884999999999993 0.9894999999999999
 0.08972187499999995 0.9894999999999999
 0.1505937499999999 0.9894999999999999
 0.211465625 0.9894999999999999
 0.2723374999999999 0.9894999999999999
 0.333209375 0.9894999999999999
 0.3940812499999999 0.9894999999999999
 0.4549531249999998 0.9894999999999999
 0.515825 0.9894999999999999
 0.5766968749999999 0.9894999999999999
 0.63756875 0.9894999999999999
 0.6984406249999999 0.9894999999999999
 0.7593124999999998 0.9894999999999999
 0.820184375 0.9894999999999999
 0.8810562499999999 0.9894999999999999
 0.941928125 0.9894999999999999
 1.0028 0.9894999999999999